1.50	,	29301.26676	,	30339.49388	,	349.910889	,
3.00	,	29301.616	,	30339.96749	,	349.820665	,
4.50	,	29301.34523	,	30339.59032	,	349.791684	,
6.00	,	29301.2966	,	30339.51808	,	349.729998	,
7.50	,	29301.23961	,	30339.43408	,	349.673345	,
9.00	,	29300.97455	,	30339.06005	,	349.638096	,
10.50	,	29300.84304	,	30338.87067	,	349.574989	,
12.00	,	29300.86822	,	30338.9012	,	349.507332	,
13.50	,	29300.85613	,	30338.8791	,	349.445074	,
15.00	,	29300.66519	,	30338.6008	,	349.402016	,
16.50	,	29300.53122	,	30338.40204	,	349.348068	,
18.00	,	29300.4963	,	30338.34573	,	349.274577	,
19.50	,	29300.61155	,	30338.51237	,	349.21166	,
21.00	,	29300.67192	,	30338.59881	,	349.14671	,
22.50	,	29300.75749	,	30338.72618	,	349.068363	,
24.00	,	29300.72021	,	30338.66105	,	348.997125	,
25.50	,	29300.72813	,	30338.66874	,	348.931146	,
27.00	,	29300.73013	,	30338.66665	,	348.872332	,
28.50	,	29300.73236	,	30338.66484	,	348.808202	,
30.00	,	29300.7274	,	30338.64662	,	348.727609	,
31.50	,	29300.73128	,	30338.65044	,	348.640887	,
33.00	,	29300.73423	,	30338.66239	,	348.579276	,
34.50	,	29300.74141	,	30338.65458	,	348.501772	,
36.00	,	29300.76364	,	30338.65658	,	348.451484	,
37.50	,	29300.74933	,	30338.64645	,	348.385025	,
39.00	,	29300.7723	,	30338.65952	,	348.326538	,
40.50	,	29300.73608	,	30338.62693	,	348.261352	,
42.00	,	29300.73249	,	30338.62059	,	348.207429	,
43.50	,	29300.76946	,	30338.65146	,	348.15182	,
45.00	,	29300.76134	,	30338.64004	,	348.093534	,
46.50	,	29300.81785	,	30338.69184	,	348.016026	,
48.00	,	29300.84207	,	30338.71294	,	347.965108	,
49.50	,	29300.82068	,	30338.68709	,	347.908812	,
51.00	,	29300.90922	,	30338.77562	,	347.834729	,
52.50	,	29300.87621	,	30338.73648	,	347.769667	,
54.00	,	29300.74232	,	30338.58922	,	347.71522	,
55.50	,	29300.72707	,	30338.56924	,	347.668968	,
57.00	,	29300.63962	,	30338.46986	,	347.600534	,
58.50	,	29300.60422	,	30338.42742	,	347.548233	,
60.00	,	29300.59626	,	30338.41491	,	347.493834	,
61.50	,	29300.4459	,	30338.24489	,	347.438321	,
63.00	,	29300.30471	,	30338.08394	,	347.366814	,
64.50	,	29300.36552	,	30338.14738	,	347.29231	,
66.00	,	29300.27831	,	30338.04644	,	347.243634	,
67.50	,	29300.36434	,	30338.13855	,	347.170821	,
69.00	,	29300.42631	,	30338.20391	,	347.099835	,
70.50	,	29300.40833	,	30338.17973	,	347.038706	,
72.00	,	29300.40849	,	30338.1759	,	346.975154	,
73.50	,	29300.45652	,	30338.22528	,	346.885051	,
75.00	,	29300.50135	,	30338.27127	,	346.800909	,
76.50	,	29300.52976	,	30338.29946	,	346.740399	,
78.00	,	29300.61381	,	30338.39029	,	346.666601	,
79.50	,	29300.71538	,	30338.50089	,	346.588053	,
81.00	,	29300.80353	,	30338.59646	,	346.514193	,
82.50	,	29300.71059	,	30338.48706	,	346.461188	,
84.00	,	29300.65581	,	30338.42043	,	346.390759	,
85.50	,	29300.61904	,	30338.37444	,	346.325478	,
87.00	,	29300.706	,	30338.46886	,	346.248597	,
88.50	,	29300.73623	,	30338.49919	,	346.187795	,
90.00	,	29300.63268	,	30338.37763	,	346.139899	,
91.50	,	29300.79918	,	30338.56249	,	346.055722	,
93.00	,	29300.90161	,	30338.67457	,	345.978362	,
94.50	,	29300.89839	,	30338.66672	,	345.916287	,
96.00	,	29300.79653	,	30338.54645	,	345.853213	,
97.50	,	29300.82314	,	30338.57237	,	345.782438	,
99.00	,	29300.81023	,	30338.55363	,	345.724213	,
100.50	,	29300.84644	,	30338.59092	,	345.667361	,
102.00	,	29300.78473	,	30338.51685	,	345.619131	,
103.50	,	29300.77717	,	30338.50409	,	345.556577	,
105.00	,	29300.74027	,	30338.45827	,	345.506324	,
106.50	,	29300.78083	,	30338.50002	,	345.432027	,
108.00	,	29300.88239	,	30338.61048	,	345.332605	,
109.50	,	29300.95161	,	30338.68481	,	345.258343	,
111.00	,	29300.94818	,	30338.67651	,	345.189655	,
112.50	,	29300.88318	,	30338.59877	,	345.143183	,
114.00	,	29300.79292	,	30338.49241	,	345.100369	,
115.50	,	29300.80625	,	30338.50384	,	345.05055	,
117.00	,	29300.71112	,	30338.39168	,	344.99692	,
118.50	,	29300.8827	,	30338.5821	,	344.909196	,
120.00	,	29301.05556	,	30338.77405	,	344.827736	,
121.50	,	29301.00321	,	30338.71056	,	344.77536	,
123.00	,	29300.96212	,	30338.66	,	344.725213	,
124.50	,	29300.95247	,	30338.64478	,	344.661281	,
126.00	,	29300.89962	,	30338.58037	,	344.594032	,
127.50	,	29300.9449	,	30338.62732	,	344.519995	,
129.00	,	29300.80691	,	30338.46665	,	344.467372	,
429.00	,	29301.2783	,	30338.1569	,	331.331379	,
729.00	,	29301.75046	,	30337.84142	,	318.036881	,
1029.00	,	29302.22295	,	30337.52037	,	304.590229	,
1329.00	,	29302.69572	,	30337.19357	,	290.997846	,
1629.00	,	29303.16823	,	30336.86128	,	277.266228	,
1929.00	,	29303.6406	,	30336.52316	,	263.401934	,
2229.00	,	29304.11232	,	30336.17951	,	249.411589	,
2529.00	,	29304.58329	,	30335.83017	,	235.301877	,
2829.00	,	29305.05312	,	30335.47536	,	221.07954	,
3129.00	,	29305.52163	,	30335.11505	,	206.751373	,
3429.00	,	29305.98867	,	30334.74922	,	192.324223	,
3729.00	,	29306.45382	,	30334.37811	,	177.804983	,
4029.00	,	29306.91702	,	30334.00162	,	163.200591	,
4329.00	,	29307.37786	,	30333.62003	,	148.518025	,
4629.00	,	29307.8362	,	30333.23335	,	133.764302	,
4929.00	,	29308.29182	,	30332.84169	,	118.946471	,
5229.00	,	29308.74457	,	30332.44508	,	104.071613	,
5529.00	,	29309.19407	,	30332.04383	,	89.146837	,
5829.00	,	29309.64019	,	30331.63799	,	74.179274	,
6129.00	,	29310.08282	,	30331.22761	,	59.176078	,
6429.00	,	29310.52158	,	30330.81303	,	44.144417	,
6729.00	,	29310.95646	,	30330.39423	,	29.091476	,
7029.00	,	29311.3871	,	30329.97156	,	14.024449	,
7329.00	,	29311.8135	,	30329.54503	,	-1.049465	,
7629.00	,	29312.23522	,	30329.11506	,	-16.12306	,
7929.00	,	29312.65245	,	30328.68152	,	-31.189133	,
8229.00	,	29313.06479	,	30328.24485	,	-46.240483	,
8529.00	,	29313.47216	,	30327.80518	,	-61.269917	,
8829.00	,	29313.87454	,	30327.36263	,	-76.270252	,
9129.00	,	29314.2716	,	30326.91758	,	-91.234317	,
9429.00	,	29314.66342	,	30326.47008	,	-106.154962	,
9729.00	,	29315.04971	,	30326.02053	,	-121.025053	,
10029.00	,	29315.43055	,	30325.56898	,	-135.837484	,
10329.00	,	29315.80558	,	30325.11592	,	-150.585175	,
10629.00	,	29316.17509	,	30324.66125	,	-165.261076	,
10929.00	,	29316.53875	,	30324.20545	,	-179.858172	,
11229.00	,	29316.89658	,	30323.74868	,	-194.369487	,
11529.00	,	29317.24862	,	30323.2911	,	-208.788082	,
11829.00	,	29317.59467	,	30322.83311	,	-223.107066	,
12129.00	,	29317.93488	,	30322.37481	,	-237.319594	,
12429.00	,	29318.26906	,	30321.91658	,	-251.418872	,
12729.00	,	29318.59738	,	30321.45852	,	-265.398159	,
13029.00	,	29318.91967	,	30321.00104	,	-279.250773	,
13329.00	,	29319.23603	,	30320.5443	,	-292.970091	,
13629.00	,	29319.54651	,	30320.08853	,	-306.549555	,
13929.00	,	29319.85113	,	30319.63397	,	-319.982673	,
14229.00	,	29320.15004	,	30319.18079	,	-333.263022	,
14529.00	,	29320.44312	,	30318.72938	,	-346.384252	,
14829.00	,	29320.73062	,	30318.27981	,	-359.340092	,
15129.00	,	29321.01244	,	30317.83248	,	-372.124345	,
15429.00	,	29321.28884	,	30317.38744	,	-384.7309	,
15729.00	,	29321.55976	,	30316.94508	,	-397.153729	,
16029.00	,	29321.82548	,	30316.50545	,	-409.386893	,
16329.00	,	29322.08585	,	30316.06902	,	-421.424541	,
16629.00	,	29322.34128	,	30315.63574	,	-433.260917	,
16929.00	,	29322.59189	,	30315.2058	,	-444.890363	,
17229.00	,	29322.83766	,	30314.77957	,	-456.307316	,
17529.00	,	29323.07891	,	30314.35707	,	-467.506318	,
17829.00	,	29323.31564	,	30313.93864	,	-478.482012	,
18129.00	,	29323.54819	,	30313.52429	,	-489.22915	,
18429.00	,	29323.77657	,	30313.11436	,	-499.742592	,
18729.00	,	29324.00113	,	30312.70882	,	-510.01731	,
19029.00	,	29324.2219	,	30312.30801	,	-520.04839	,
19329.00	,	29324.43906	,	30311.91206	,	-529.831035	,
19629.00	,	29324.6531	,	30311.52084	,	-539.360564	,
19929.00	,	29324.86395	,	30311.13474	,	-548.632422	,
20229.00	,	29325.072	,	30310.75369	,	-557.642171	,
20529.00	,	29325.27731	,	30310.37798	,	-566.385503	,
20829.00	,	29325.48027	,	30310.00753	,	-574.858235	,
21129.00	,	29325.68093	,	30309.64258	,	-583.056314	,
21429.00	,	29325.87971	,	30309.28305	,	-590.975818	,
21729.00	,	29326.07665	,	30308.92918	,	-598.612958	,
22029.00	,	29326.272	,	30308.581	,	-605.964079	,
22329.00	,	29326.46627	,	30308.23833	,	-613.025665	,
22629.00	,	29326.65943	,	30307.90143	,	-619.794337	,
22929.00	,	29326.8519	,	30307.57018	,	-626.266856	,
23229.00	,	29327.04374	,	30307.24474	,	-632.440123	,
23529.00	,	29327.23539	,	30306.92496	,	-638.311185	,
23829.00	,	29327.4269	,	30306.61099	,	-643.877232	,
24129.00	,	29327.61869	,	30306.30265	,	-649.135598	,
24429.00	,	29327.81083	,	30306.00007	,	-654.083767	,
24729.00	,	29328.00366	,	30305.70315	,	-658.719369	,
25029.00	,	29328.1974	,	30305.41181	,	-663.040185	,
25329.00	,	29328.39229	,	30305.12602	,	-667.044146	,
25629.00	,	29328.58867	,	30304.8456	,	-670.729332	,
25929.00	,	29328.78657	,	30304.57065	,	-674.09398	,
26229.00	,	29328.98641	,	30304.30092	,	-677.136476	,
26529.00	,	29329.18823	,	30304.03647	,	-679.855362	,
26829.00	,	29329.39242	,	30303.77703	,	-682.249334	,
27129.00	,	29329.59902	,	30303.52264	,	-684.317244	,
27429.00	,	29329.80832	,	30303.27311	,	-686.058099	,
27729.00	,	29330.02062	,	30303.0282	,	-687.471063	,
28029.00	,	29330.23584	,	30302.78803	,	-688.555455	,
28329.00	,	29330.45453	,	30302.5521	,	-689.310754	,
28629.00	,	29330.6766	,	30302.32053	,	-689.736594	,
28929.00	,	29330.9024	,	30302.09295	,	-689.832766	,
29229.00	,	29331.13193	,	30301.86938	,	-689.599222	,
29529.00	,	29331.36552	,	30301.64947	,	-689.036068	,
29829.00	,	29331.60314	,	30301.43318	,	-688.143568	,
30129.00	,	29331.84503	,	30301.22025	,	-686.922146	,
30429.00	,	29332.0914	,	30301.0104	,	-685.37238	,
30729.00	,	29332.34211	,	30300.80366	,	-683.495007	,
31029.00	,	29332.59764	,	30300.5995	,	-681.29092	,
31329.00	,	29332.85783	,	30300.39794	,	-678.761168	,
31629.00	,	29333.12293	,	30300.19861	,	-675.906956	,
31929.00	,	29333.39288	,	30300.00145	,	-672.729644	,
32229.00	,	29333.66791	,	30299.80607	,	-669.230746	,
32529.00	,	29333.94792	,	30299.6124	,	-665.411931	,
32829.00	,	29334.23305	,	30299.42013	,	-661.275018	,
33129.00	,	29334.52344	,	30299.22894	,	-656.821982	,
33429.00	,	29334.81894	,	30299.03876	,	-652.054947	,
33729.00	,	29335.11966	,	30298.84928	,	-646.976186	,
34029.00	,	29335.42563	,	30298.66026	,	-641.588124	,
34329.00	,	29335.73692	,	30298.47138	,	-635.893331	,
34629.00	,	29336.05336	,	30298.28256	,	-629.894524	,
34929.00	,	29336.37511	,	30298.09341	,	-623.594569	,
35229.00	,	29336.70196	,	30297.90385	,	-616.99647	,
35529.00	,	29337.03396	,	30297.71358	,	-610.103379	,
35829.00	,	29337.37114	,	30297.52227	,	-602.918585	,
36129.00	,	29337.71328	,	30297.32986	,	-595.445519	,
36429.00	,	29338.06039	,	30297.13605	,	-587.687749	,
36729.00	,	29338.41239	,	30296.9406	,	-579.648979	,
37029.00	,	29338.76928	,	30296.74323	,	-571.333047	,
37329.00	,	29339.13078	,	30296.54387	,	-562.743924	,
37629.00	,	29339.49697	,	30296.34216	,	-553.885713	,
37929.00	,	29339.86754	,	30296.13806	,	-544.762642	,
38229.00	,	29340.24246	,	30295.93128	,	-535.37907	,
38529.00	,	29340.62168	,	30295.72154	,	-525.739477	,
38829.00	,	29341.00488	,	30295.50884	,	-515.848468	,
39129.00	,	29341.39208	,	30295.2928	,	-505.710765	,
39429.00	,	29341.78287	,	30295.07353	,	-495.331213	,
39729.00	,	29342.17741	,	30294.8505	,	-484.714768	,
40029.00	,	29342.57528	,	30294.62381	,	-473.866501	,
40329.00	,	29342.97647	,	30294.39315	,	-462.791594	,
40629.00	,	29343.3806	,	30294.15854	,	-451.495338	,
40929.00	,	29343.78758	,	30293.91976	,	-439.983128	,
41229.00	,	29344.1973	,	30293.67659	,	-428.260465	,
41529.00	,	29344.60936	,	30293.4291	,	-416.332948	,
41829.00	,	29345.02374	,	30293.17699	,	-404.206274	,
42129.00	,	29345.44004	,	30292.92035	,	-391.886239	,
42429.00	,	29345.85814	,	30292.659	,	-379.378727	,
42729.00	,	29346.2778	,	30292.39286	,	-366.689713	,
43029.00	,	29346.69888	,	30292.12176	,	-353.825261	,
43329.00	,	29347.12099	,	30291.84583	,	-340.791517	,
43629.00	,	29347.54397	,	30291.56493	,	-327.594707	,
43929.00	,	29347.96769	,	30291.27893	,	-314.241138	,
44229.00	,	29348.39173	,	30290.98797	,	-300.737189	,
44529.00	,	29348.81602	,	30290.69187	,	-287.089313	,
44829.00	,	29349.24016	,	30290.39078	,	-273.304031	,
45129.00	,	29349.66399	,	30290.08462	,	-259.387929	,
45429.00	,	29350.08729	,	30289.7734	,	-245.347658	,
45729.00	,	29350.50989	,	30289.45706	,	-231.189927	,
46029.00	,	29350.9314	,	30289.13581	,	-216.9215	,
46329.00	,	29351.35165	,	30288.80959	,	-202.549196	,
46629.00	,	29351.77052	,	30288.47838	,	-188.079883	,
46929.00	,	29352.1876	,	30288.14241	,	-173.520475	,
47229.00	,	29352.60284	,	30287.80158	,	-158.877929	,
47529.00	,	29353.01584	,	30287.45614	,	-144.159245	,
47829.00	,	29353.42656	,	30287.10603	,	-129.371454	,
48129.00	,	29353.83453	,	30286.75158	,	-114.521625	,
48429.00	,	29354.23988	,	30286.39258	,	-99.616853	,
48729.00	,	29354.64216	,	30286.0294	,	-84.664263	,
49029.00	,	29355.04124	,	30285.66207	,	-69.671	,
49329.00	,	29355.43704	,	30285.29066	,	-54.64423	,
49629.00	,	29355.82919	,	30284.91548	,	-39.591135	,
49929.00	,	29356.21769	,	30284.5365	,	-24.518909	,
50229.00	,	29356.60219	,	30284.15407	,	-9.434756	,
50529.00	,	29356.98271	,	30283.76818	,	5.654115	,
50829.00	,	29357.35883	,	30283.37925	,	20.740492	,
51129.00	,	29357.73075	,	30282.98714	,	35.817163	,
51429.00	,	29358.09808	,	30282.59228	,	50.876924	,
51729.00	,	29358.46077	,	30282.19478	,	65.912575	,
52029.00	,	29358.81879	,	30281.79476	,	80.91693	,
52329.00	,	29359.17185	,	30281.39259	,	95.882817	,
52629.00	,	29359.52003	,	30280.98831	,	110.803082	,
52929.00	,	29359.86306	,	30280.5823	,	125.670593	,
53229.00	,	29360.20104	,	30280.17462	,	140.478243	,
53529.00	,	29360.53372	,	30279.76565	,	155.218955	,
53829.00	,	29360.86113	,	30279.35552	,	169.885682	,
54129.00	,	29361.18322	,	30278.94448	,	184.471412	,
54429.00	,	29361.49994	,	30278.53275	,	198.969173	,
54729.00	,	29361.81136	,	30278.12046	,	213.372035	,
55029.00	,	29362.11728	,	30277.70803	,	227.673112	,
55329.00	,	29362.41787	,	30277.29552	,	241.865567	,
55629.00	,	29362.71296	,	30276.88333	,	255.942617	,
55929.00	,	29363.00274	,	30276.47152	,	269.89753	,
56229.00	,	29363.28705	,	30276.06049	,	283.723635	,
56529.00	,	29363.56603	,	30275.6504	,	297.414323	,
56829.00	,	29363.83971	,	30275.24147	,	310.963048	,
57129.00	,	29364.10816	,	30274.83392	,	324.363332	,
57429.00	,	29364.37153	,	30274.42791	,	337.608769	,
57729.00	,	29364.62972	,	30274.02381	,	350.693026	,
58029.00	,	29364.883	,	30273.62169	,	363.609847	,
58329.00	,	29365.13129	,	30273.22192	,	376.353057	,
58629.00	,	29365.37488	,	30272.82454	,	388.916561	,
58929.00	,	29365.6137	,	30272.42994	,	401.294354	,
59229.00	,	29365.84807	,	30272.03815	,	413.480517	,
59529.00	,	29366.07785	,	30271.64961	,	425.469223	,
59829.00	,	29366.30346	,	30271.26426	,	437.25474	,
60129.00	,	29366.52505	,	30270.88229	,	448.831431	,
60429.00	,	29366.74261	,	30270.50404	,	460.193762	,
60729.00	,	29366.9565	,	30270.12952	,	471.336299	,
61029.00	,	29367.16671	,	30269.75905	,	482.253714	,
61329.00	,	29367.37361	,	30269.39262	,	492.940785	,
61629.00	,	29367.57721	,	30269.03056	,	503.392403	,
61929.00	,	29367.77791	,	30268.67282	,	513.60357	,
62229.00	,	29367.97563	,	30268.3198	,	523.569401	,
62529.00	,	29368.17087	,	30267.97137	,	533.285131	,
62829.00	,	29368.36385	,	30267.62762	,	542.746113	,
63129.00	,	29368.55461	,	30267.28885	,	551.947823	,
63429.00	,	29368.74356	,	30266.95498	,	560.885859	,
63729.00	,	29368.93076	,	30266.62625	,	569.555947	,
64029.00	,	29369.11663	,	30266.30257	,	577.953939	,
64329.00	,	29369.30124	,	30265.98419	,	586.075819	,
64629.00	,	29369.48501	,	30265.67097	,	593.917702	,
64929.00	,	29369.66801	,	30265.36314	,	601.475837	,
65229.00	,	29369.85049	,	30265.06074	,	608.746608	,
65529.00	,	29370.03298	,	30264.76352	,	615.726538	,
65829.00	,	29370.21547	,	30264.47175	,	622.412286	,
66129.00	,	29370.39838	,	30264.18528	,	628.800654	,
66429.00	,	29370.5818	,	30263.90425	,	634.888587	,
66729.00	,	29370.76616	,	30263.62848	,	640.673171	,
67029.00	,	29370.95154	,	30263.3581	,	646.151637	,
67329.00	,	29371.13837	,	30263.09292	,	651.321366	,
67629.00	,	29371.32672	,	30262.83304	,	656.179882	,
67929.00	,	29371.51686	,	30262.57841	,	660.72486	,
68229.00	,	29371.70928	,	30262.32869	,	664.954125	,
68529.00	,	29371.90398	,	30262.08406	,	668.865653	,
68829.00	,	29372.10136	,	30261.84426	,	672.45757	,
69129.00	,	29372.3015	,	30261.60935	,	675.728157	,
69429.00	,	29372.5048	,	30261.37905	,	678.675848	,
69729.00	,	29372.71131	,	30261.15341	,	681.29923	,
70029.00	,	29372.92143	,	30260.93213	,	683.597047	,
70329.00	,	29373.13521	,	30260.71523	,	685.568197	,
70629.00	,	29373.35294	,	30260.50249	,	687.211735	,
70929.00	,	29373.57483	,	30260.29374	,	688.526872	,
71229.00	,	29373.80108	,	30260.08881	,	689.512977	,
71529.00	,	29374.03196	,	30259.88745	,	690.169576	,
71829.00	,	29374.26749	,	30259.68965	,	690.496351	,
72129.00	,	29374.50801	,	30259.49503	,	690.493143	,
72429.00	,	29374.75351	,	30259.30359	,	690.159951	,
72729.00	,	29375.00433	,	30259.11494	,	689.49693	,
73029.00	,	29375.26044	,	30258.92904	,	688.504395	,
73329.00	,	29375.52207	,	30258.74559	,	687.182818	,
73629.00	,	29375.78943	,	30258.56428	,	685.532826	,
73929.00	,	29376.06238	,	30258.38516	,	683.555205	,
74229.00	,	29376.34139	,	30258.20763	,	681.250898	,
74529.00	,	29376.62629	,	30258.03172	,	678.621003	,
74829.00	,	29376.91734	,	30257.85702	,	675.666773	,
75129.00	,	29377.21445	,	30257.68346	,	672.389619	,
75429.00	,	29377.51785	,	30257.51063	,	668.791103	,
75729.00	,	29377.82744	,	30257.33843	,	664.872942	,
76029.00	,	29378.14333	,	30257.16655	,	660.637005	,
76329.00	,	29378.46566	,	30256.99463	,	656.085316	,
76629.00	,	29378.79419	,	30256.82269	,	651.220045	,
76929.00	,	29379.12927	,	30256.65013	,	646.043517	,
77229.00	,	29379.47065	,	30256.47695	,	640.558201	,
77529.00	,	29379.81848	,	30256.30272	,	634.766716	,
77829.00	,	29380.17257	,	30256.12737	,	628.671829	,
78129.00	,	29380.53305	,	30255.95046	,	622.276448	,
78429.00	,	29380.89972	,	30255.77193	,	615.583629	,
78729.00	,	29381.27259	,	30255.59145	,	608.596566	,
79029.00	,	29381.65169	,	30255.40867	,	601.318597	,
79329.00	,	29382.03677	,	30255.22352	,	593.753197	,
79629.00	,	29382.42781	,	30255.0357	,	585.903979	,
79929.00	,	29382.82472	,	30254.84496	,	577.774692	,
80229.00	,	29383.22748	,	30254.65098	,	569.369219	,
80529.00	,	29383.63578	,	30254.45372	,	560.691574	,
80829.00	,	29384.04968	,	30254.25278	,	551.745902	,
81129.00	,	29384.46884	,	30254.04813	,	542.536476	,
81429.00	,	29384.89321	,	30253.83946	,	533.067694	,
81729.00	,	29385.32272	,	30253.6265	,	523.344081	,
82029.00	,	29385.75701	,	30253.40922	,	513.370279	,
82329.00	,	29386.196	,	30253.18735	,	503.151055	,
82629.00	,	29386.63949	,	30252.96072	,	492.691288	,
82929.00	,	29387.08738	,	30252.72906	,	481.995977	,
83229.00	,	29387.53928	,	30252.49238	,	471.070231	,
83529.00	,	29387.99515	,	30252.25036	,	459.919269	,
83829.00	,	29388.45461	,	30252.00303	,	448.548419	,
84129.00	,	29388.9175	,	30251.75017	,	436.963113	,
84429.00	,	29389.38369	,	30251.49156	,	425.168885	,
84729.00	,	29389.85276	,	30251.22726	,	413.171371	,
85029.00	,	29390.32464	,	30250.95701	,	400.9763	,
85329.00	,	29390.79884	,	30250.68096	,	388.589499	,
85629.00	,	29391.27543	,	30250.39869	,	376.016887	,
85929.00	,	29391.75391	,	30250.11039	,	363.264468	,
86041.50	,	29296.49067	,	30332.49047	,	357.072084	,
86043.00	,	29296.5861	,	30332.48769	,	356.997157	,
86044.50	,	29296.61277	,	30332.48812	,	356.924679	,
86046.00	,	29296.60744	,	30332.48802	,	356.839001	,
86047.50	,	29296.545	,	30332.47576	,	356.766273	,
86049.00	,	29296.48073	,	30332.45813	,	356.677045	,
86349.00	,	29296.83504	,	30332.28602	,	343.802692	,
86636.00	,	29297.80206	,	30332.80521	,	331.328099	,
86637.50	,	29297.71209	,	30332.70321	,	331.260521	,
86639.00	,	29297.48798	,	30332.45564	,	331.226874	,
86640.50	,	29298.0598	,	30333.07394	,	331.095709	,
86642.00	,	29298.21934	,	30333.24275	,	331.000706	,
86643.50	,	29298.27798	,	30333.30219	,	330.922209	,
86645.00	,	29298.20699	,	30333.2231	,	330.856998	,
86646.50	,	29298.16472	,	30333.17507	,	330.789065	,
86648.00	,	29298.1696	,	30333.17744	,	330.742377	,
86649.50	,	29298.11376	,	30333.11609	,	330.661991	,
86651.00	,	29298.18868	,	30333.18959	,	330.602888	,
86652.50	,	29298.18118	,	30333.17911	,	330.545572	,
86654.00	,	29298.15714	,	30333.15199	,	330.474224	,
86655.50	,	29298.12551	,	30333.11812	,	330.409829	,
86657.00	,	29298.10951	,	30333.10008	,	330.35478	,
86658.50	,	29298.16623	,	30333.15026	,	330.286454	,
86660.00	,	29298.20124	,	30333.17909	,	330.207856	,
86661.50	,	29298.23795	,	30333.20896	,	330.135555	,
86663.00	,	29298.2223	,	30333.19233	,	330.071278	,
86664.50	,	29298.23211	,	30333.19806	,	330.011504	,
86666.00	,	29298.23209	,	30333.19487	,	329.935612	,
86667.50	,	29298.19295	,	30333.16037	,	329.872153	,
86669.00	,	29298.14571	,	30333.1208	,	329.819423	,
86670.50	,	29298.09739	,	30333.08114	,	329.753942	,
86672.00	,	29298.09947	,	30333.08014	,	329.68972	,
86673.50	,	29298.09788	,	30333.07653	,	329.626226	,
86675.00	,	29298.09857	,	30333.07453	,	329.561043	,
86676.50	,	29298.11777	,	30333.08489	,	329.493801	,
86678.00	,	29298.08388	,	30333.06038	,	329.423174	,
86679.50	,	29298.07369	,	30333.05186	,	329.362208	,
86681.00	,	29298.06443	,	30333.04433	,	329.304379	,
86682.50	,	29298.09436	,	30333.05907	,	329.232544	,
86684.00	,	29298.10775	,	30333.06423	,	329.166091	,
86685.50	,	29298.13661	,	30333.07715	,	329.094762	,
86687.00	,	29298.13054	,	30333.07142	,	329.017867	,
86688.50	,	29298.13572	,	30333.07286	,	328.974577	,
86690.00	,	29298.1314	,	30333.07011	,	328.938131	,
86691.50	,	29298.135	,	30333.06996	,	328.877996	,
86693.00	,	29298.15853	,	30333.07734	,	328.796375	,
86694.50	,	29298.13146	,	30333.0645	,	328.735641	,
86696.00	,	29298.13092	,	30333.06239	,	328.670274	,
86697.50	,	29298.12757	,	30333.05925	,	328.604385	,
86699.00	,	29298.13876	,	30333.06099	,	328.529603	,
86700.50	,	29298.12311	,	30333.05348	,	328.4578	,
86702.00	,	29298.14145	,	30333.05695	,	328.376011	,
86703.50	,	29298.13038	,	30333.05237	,	328.323738	,
86705.00	,	29298.13046	,	30333.05112	,	328.267007	,
86706.50	,	29298.15509	,	30333.05581	,	328.186173	,
86708.00	,	29298.15783	,	30333.05485	,	328.119638	,
86709.50	,	29298.1611	,	30333.05468	,	328.0658	,
86711.00	,	29298.17845	,	30333.0573	,	327.996249	,
86712.50	,	29298.17484	,	30333.05403	,	327.916309	,
86714.00	,	29298.18799	,	30333.05592	,	327.857387	,
86715.50	,	29298.19345	,	30333.05625	,	327.804225	,
86717.00	,	29298.18269	,	30333.05247	,	327.741762	,
86718.50	,	29298.20843	,	30333.05694	,	327.685641	,
86720.00	,	29298.19992	,	30333.0532	,	327.612099	,
86721.50	,	29298.19665	,	30333.05062	,	327.539274	,
86723.00	,	29298.20366	,	30333.04959	,	327.457755	,
86724.50	,	29298.21638	,	30333.0504	,	327.390663	,
86726.00	,	29298.2168	,	30333.04859	,	327.318053	,
86727.50	,	29298.23869	,	30333.05042	,	327.242008	,
87027.50	,	29298.63488	,	30332.81707	,	314.018427	,
87327.50	,	29299.0294	,	30332.57522	,	300.644601	,
87627.50	,	29299.42168	,	30332.32513	,	287.12692	,
87927.50	,	29299.81154	,	30332.06672	,	273.471846	,
88227.50	,	29300.19834	,	30331.80038	,	259.685906	,
88527.50	,	29300.58208	,	30331.52589	,	245.77569	,
88827.50	,	29300.96211	,	30331.24364	,	231.747846	,
89127.50	,	29301.33826	,	30330.95362	,	217.60908	,
89427.50	,	29301.70998	,	30330.65617	,	203.366151	,
89727.50	,	29302.07701	,	30330.35137	,	189.025866	,
90027.50	,	29302.43908	,	30330.03933	,	174.595081	,
90327.50	,	29302.79567	,	30329.72041	,	160.080694	,
90627.50	,	29303.14661	,	30329.39465	,	145.489642	,
90927.50	,	29303.49139	,	30329.06245	,	130.828902	,
91227.50	,	29303.82977	,	30328.72395	,	116.105481	,
91527.50	,	29304.16141	,	30328.37939	,	101.326418	,
91827.50	,	29304.4861	,	30328.02894	,	86.498779	,
92127.50	,	29304.80334	,	30327.67303	,	71.629651	,
92427.50	,	29305.11292	,	30327.31185	,	56.726144	,
92727.50	,	29305.41463	,	30326.94558	,	41.795383	,
93027.50	,	29305.70802	,	30326.57469	,	26.844505	,
93327.50	,	29305.99298	,	30326.1993	,	11.88066	,
93627.50	,	29306.26907	,	30325.8199	,	-3.088999	,
93927.50	,	29306.53612	,	30325.4367	,	-18.057315	,
94227.50	,	29306.79389	,	30325.05002	,	-33.017129	,
94527.50	,	29307.04224	,	30324.66012	,	-47.961291	,
94827.50	,	29307.28076	,	30324.26748	,	-62.882653	,
95127.50	,	29307.50932	,	30323.87237	,	-77.77408	,
95427.50	,	29307.72782	,	30323.47504	,	-92.628453	,
95727.50	,	29307.9359	,	30323.07601	,	-107.438668	,
96027.50	,	29308.13355	,	30322.67546	,	-122.197642	,
96327.50	,	29308.32043	,	30322.27393	,	-136.898317	,
96627.50	,	29308.49657	,	30321.8716	,	-151.533663	,
96927.50	,	29308.66157	,	30321.46909	,	-166.096681	,
97227.50	,	29308.81565	,	30321.06643	,	-180.580405	,
97527.50	,	29308.95845	,	30320.66424	,	-194.977909	,
97827.50	,	29309.08995	,	30320.2628	,	-209.282306	,
98127.50	,	29309.21016	,	30319.86241	,	-223.486754	,
98427.50	,	29309.31883	,	30319.4636	,	-237.58446	,
98727.50	,	29309.41608	,	30319.06656	,	-251.568678	,
99027.50	,	29309.5017	,	30318.67185	,	-265.43272	,
99327.50	,	29309.57582	,	30318.27967	,	-279.169955	,
99627.50	,	29309.63827	,	30317.89053	,	-292.773809	,
99927.50	,	29309.68913	,	30317.50474	,	-306.237774	,
100227.50	,	29309.72841	,	30317.12264	,	-319.55541	,
100527.50	,	29309.75614	,	30316.7446	,	-332.720344	,
100827.50	,	29309.77245	,	30316.37089	,	-345.726277	,
101127.50	,	29309.77722	,	30316.00202	,	-358.566985	,
101427.50	,	29309.77069	,	30315.63817	,	-371.236326	,
101727.50	,	29309.75277	,	30315.27985	,	-383.728236	,
102027.50	,	29309.72373	,	30314.92722	,	-396.036736	,
102327.50	,	29309.6835	,	30314.58078	,	-408.155937	,
102627.50	,	29309.63228	,	30314.24077	,	-420.080037	,
102927.50	,	29309.57022	,	30313.9075	,	-431.803331	,
103227.50	,	29309.49745	,	30313.58127	,	-443.320207	,
103527.50	,	29309.41423	,	30313.26229	,	-454.625151	,
103827.50	,	29309.32054	,	30312.95103	,	-465.712753	,
104127.50	,	29309.21674	,	30312.64759	,	-476.577705	,
104427.50	,	29309.10285	,	30312.35241	,	-487.214804	,
104727.50	,	29308.97924	,	30312.06558	,	-497.618958	,
105027.50	,	29308.84595	,	30311.78753	,	-507.785186	,
105327.50	,	29308.70339	,	30311.51831	,	-517.70862	,
105627.50	,	29308.55151	,	30311.25841	,	-527.384508	,
105927.50	,	29308.39083	,	30311.0078	,	-536.808215	,
106227.50	,	29308.22159	,	30310.76668	,	-545.97523	,
106527.50	,	29308.04388	,	30310.5354	,	-554.88116	,
106827.50	,	29307.85814	,	30310.31399	,	-563.521741	,
107127.50	,	29307.66446	,	30310.10279	,	-571.892833	,
107427.50	,	29307.46331	,	30309.90176	,	-579.990425	,
107727.50	,	29307.2548	,	30309.71125	,	-587.810639	,
108027.50	,	29307.03939	,	30309.53119	,	-595.349726	,
108327.50	,	29306.8172	,	30309.36188	,	-602.604075	,
108627.50	,	29306.58855	,	30309.20342	,	-609.570208	,
108927.50	,	29306.35401	,	30309.05565	,	-616.244787	,
109227.50	,	29306.11362	,	30308.91891	,	-622.624612	,
109527.50	,	29305.86788	,	30308.79307	,	-628.706625	,
109827.50	,	29305.61692	,	30308.67838	,	-634.487909	,
110127.50	,	29305.36125	,	30308.57469	,	-639.965692	,
110427.50	,	29305.10101	,	30308.48219	,	-645.137346	,
110727.50	,	29304.83672	,	30308.40072	,	-650.000391	,
111027.50	,	29304.5685	,	30308.33046	,	-654.552494	,
111327.50	,	29304.29678	,	30308.2713	,	-658.791469	,
111627.50	,	29304.02189	,	30308.22321	,	-662.715282	,
111927.50	,	29303.74415	,	30308.18614	,	-666.322048	,
112227.50	,	29303.46398	,	30308.15995	,	-669.610036	,
112527.50	,	29303.18151	,	30308.14475	,	-672.577666	,
112827.50	,	29302.89725	,	30308.14028	,	-675.22351	,
113127.50	,	29302.61134	,	30308.14661	,	-677.546296	,
113427.50	,	29302.32427	,	30308.16346	,	-679.544906	,
113727.50	,	29302.03617	,	30308.1909	,	-681.218376	,
114027.50	,	29301.74743	,	30308.22869	,	-682.5659	,
114327.50	,	29301.45846	,	30308.27661	,	-683.586826	,
114627.50	,	29301.16928	,	30308.33477	,	-684.280658	,
114927.50	,	29300.88054	,	30308.40265	,	-684.647058	,
115227.50	,	29300.59225	,	30308.48034	,	-684.685844	,
115527.50	,	29300.30488	,	30308.56747	,	-684.396991	,
115827.50	,	29300.01851	,	30308.66402	,	-683.780631	,
116127.50	,	29299.73361	,	30308.76961	,	-682.837052	,
116427.50	,	29299.45023	,	30308.88421	,	-681.566699	,
116727.50	,	29299.16874	,	30309.00748	,	-679.970173	,
117027.50	,	29298.88944	,	30309.13913	,	-678.048234	,
117327.50	,	29298.61233	,	30309.27916	,	-675.801793	,
117627.50	,	29298.33797	,	30309.42698	,	-673.231921	,
117927.50	,	29298.06631	,	30309.5826	,	-670.33984	,
118227.50	,	29297.79775	,	30309.74558	,	-667.126928	,
118527.50	,	29297.5323	,	30309.91582	,	-663.594718	,
118827.50	,	29297.27033	,	30310.09287	,	-659.744895	,
119127.50	,	29297.01184	,	30310.27663	,	-655.579293	,
119427.50	,	29296.75709	,	30310.46673	,	-651.099903	,
119727.50	,	29296.50632	,	30310.66279	,	-646.308861	,
120027.50	,	29296.2595	,	30310.86469	,	-641.208455	,
120327.50	,	29296.01687	,	30311.07205	,	-635.801121	,
120627.50	,	29295.77855	,	30311.28458	,	-630.089442	,
120927.50	,	29295.54474	,	30311.50187	,	-624.076145	,
121227.50	,	29295.31538	,	30311.72382	,	-617.764105	,
121527.50	,	29295.09073	,	30311.94992	,	-611.156336	,
121827.50	,	29294.8707	,	30312.18007	,	-604.255996	,
122127.50	,	29294.65546	,	30312.41386	,	-597.066384	,
122427.50	,	29294.44516	,	30312.6509	,	-589.590935	,
122727.50	,	29294.23967	,	30312.89107	,	-581.833224	,
123027.50	,	29294.03921	,	30313.13388	,	-573.796958	,
123327.50	,	29293.84355	,	30313.3793	,	-565.48598	,
123627.50	,	29293.65306	,	30313.62669	,	-556.904262	,
123927.50	,	29293.4675	,	30313.876	,	-548.05591	,
124227.50	,	29293.28703	,	30314.12677	,	-538.945153	,
124527.50	,	29293.11147	,	30314.37889	,	-529.576348	,
124827.50	,	29292.9409	,	30314.63198	,	-519.953977	,
125127.50	,	29292.77537	,	30314.88568	,	-510.08264	,
125427.50	,	29292.61466	,	30315.13989	,	-499.96706	,
125727.50	,	29292.45892	,	30315.39416	,	-489.612075	,
126027.50	,	29292.3079	,	30315.6484	,	-479.022636	,
126327.50	,	29292.16164	,	30315.90228	,	-468.203811	,
126627.50	,	29292.02006	,	30316.15553	,	-457.160774	,
126927.50	,	29291.88317	,	30316.40782	,	-445.898808	,
127227.50	,	29291.75072	,	30316.6591	,	-434.423301	,
127527.50	,	29291.62268	,	30316.90905	,	-422.739742	,
127827.50	,	29291.49906	,	30317.15736	,	-410.853722	,
128127.50	,	29291.37956	,	30317.40398	,	-398.770926	,
128427.50	,	29291.26426	,	30317.64855	,	-386.497137	,
128727.50	,	29291.15285	,	30317.89103	,	-374.038226	,
129027.50	,	29291.04539	,	30318.13108	,	-361.400155	,
129327.50	,	29290.94149	,	30318.36876	,	-348.588971	,
129627.50	,	29290.84136	,	30318.60356	,	-335.610804	,
129927.50	,	29290.74461	,	30318.83559	,	-322.471864	,
130227.50	,	29290.65118	,	30319.06461	,	-309.178438	,
130527.50	,	29290.56102	,	30319.2904	,	-295.736888	,
130827.50	,	29290.4738	,	30319.51299	,	-282.153645	,
131127.50	,	29290.38955	,	30319.73209	,	-268.435211	,
131427.50	,	29290.30795	,	30319.94777	,	-254.588148	,
131727.50	,	29290.22901	,	30320.15975	,	-240.619085	,
132027.50	,	29290.15232	,	30320.36821	,	-226.534706	,
132327.50	,	29290.07809	,	30320.57272	,	-212.341752	,
132627.50	,	29290.00588	,	30320.77347	,	-198.047014	,
132927.50	,	29289.93565	,	30320.97031	,	-183.657334	,
133227.50	,	29289.86732	,	30321.16311	,	-169.179598	,
133527.50	,	29289.80056	,	30321.35201	,	-154.620736	,
133827.50	,	29289.73541	,	30321.5368	,	-139.987714	,
134127.50	,	29289.67153	,	30321.71764	,	-125.287536	,
134427.50	,	29289.60897	,	30321.89434	,	-110.527238	,
134727.50	,	29289.54741	,	30322.06708	,	-95.713883	,
135027.50	,	29289.48679	,	30322.23578	,	-80.854561	,
135327.50	,	29289.42697	,	30322.40046	,	-65.956384	,
135627.50	,	29289.36784	,	30322.56115	,	-51.026482	,
135927.50	,	29289.30935	,	30322.7178	,	-36.072	,
136227.50	,	29289.25121	,	30322.87063	,	-21.100097	,
136527.50	,	29289.19347	,	30323.01951	,	-6.117936	,
136827.50	,	29289.13586	,	30323.16469	,	8.86731	,
137127.50	,	29289.07844	,	30323.30606	,	23.848471	,
137427.50	,	29289.02094	,	30323.44386	,	38.818376	,
137727.50	,	29288.96344	,	30323.57801	,	53.76986	,
138027.50	,	29288.9056	,	30323.70886	,	68.695768	,
138327.50	,	29288.8476	,	30323.83625	,	83.588957	,
138627.50	,	29288.78939	,	30323.96027	,	98.442297	,
138927.50	,	29288.7307	,	30324.08121	,	113.248681	,
139227.50	,	29288.67168	,	30324.19902	,	128.001023	,
139527.50	,	29288.61209	,	30324.31397	,	142.692261	,
139827.50	,	29288.55208	,	30324.42603	,	157.315365	,
140127.50	,	29288.49144	,	30324.53549	,	171.863336	,
140427.50	,	29288.43033	,	30324.64231	,	186.329213	,
140727.50	,	29288.36854	,	30324.74679	,	200.706071	,
141027.50	,	29288.3061	,	30324.84908	,	214.98703	,
141327.50	,	29288.24325	,	30324.94905	,	229.165256	,
141627.50	,	29288.17976	,	30325.0471	,	243.233964	,
141927.50	,	29288.11582	,	30325.14321	,	257.18642	,
142227.50	,	29288.05128	,	30325.23768	,	271.015948	,
142527.50	,	29287.98637	,	30325.3305	,	284.715929	,
142827.50	,	29287.92095	,	30325.42197	,	298.279807	,
143127.50	,	29287.85527	,	30325.51207	,	311.701091	,
143427.50	,	29287.78921	,	30325.60112	,	324.973359	,
143727.50	,	29287.72294	,	30325.68916	,	338.090259	,
144027.50	,	29287.65654	,	30325.77635	,	351.045514	,
144327.50	,	29287.59011	,	30325.86282	,	363.832925	,
144627.50	,	29287.52383	,	30325.94862	,	376.446373	,
144927.50	,	29287.45764	,	30326.03405	,	388.879822	,
145227.50	,	29287.39184	,	30326.11907	,	401.127323	,
145527.50	,	29287.32636	,	30326.20399	,	413.183014	,
145827.50	,	29287.26153	,	30326.28875	,	425.041129	,
146127.50	,	29287.1973	,	30326.37364	,	436.695992	,
146427.50	,	29287.13392	,	30326.45869	,	448.142027	,
146727.50	,	29287.07153	,	30326.544	,	459.373757	,
147027.50	,	29287.01029	,	30326.62969	,	470.38581	,
147327.50	,	29286.95047	,	30326.71575	,	481.172914	,
147627.50	,	29286.89206	,	30326.80246	,	491.729911	,
147927.50	,	29286.83541	,	30326.88972	,	502.051748	,
148227.50	,	29286.78053	,	30326.97778	,	512.133488	,
148527.50	,	29286.72778	,	30327.06655	,	521.970307	,
148827.50	,	29286.67719	,	30327.15624	,	531.5575	,
149127.50	,	29286.62903	,	30327.24685	,	540.890479	,
149427.50	,	29286.5836	,	30327.33832	,	549.96478	,
149727.50	,	29286.54084	,	30327.43095	,	558.776062	,
150027.50	,	29286.5013	,	30327.52443	,	567.320111	,
150327.50	,	29286.46492	,	30327.61904	,	575.592838	,
150627.50	,	29286.43211	,	30327.71463	,	583.590287	,
150927.50	,	29286.40288	,	30327.81136	,	591.308632	,
151227.50	,	29286.37764	,	30327.90908	,	598.744181	,
151527.50	,	29286.35641	,	30328.00792	,	605.893378	,
151827.50	,	29286.33951	,	30328.1078	,	612.752804	,
152127.50	,	29286.32723	,	30328.20858	,	619.319178	,
152427.50	,	29286.3196	,	30328.31041	,	625.589359	,
152727.50	,	29286.31694	,	30328.41315	,	631.560349	,
153027.50	,	29286.31944	,	30328.51674	,	637.229292	,
153327.50	,	29286.32741	,	30328.62103	,	642.593477	,
153627.50	,	29286.34087	,	30328.72612	,	647.650338	,
153927.50	,	29286.36019	,	30328.83175	,	652.397459	,
154227.50	,	29286.38541	,	30328.938	,	656.832569	,
154527.50	,	29286.41679	,	30329.04468	,	660.953548	,
154827.50	,	29286.45462	,	30329.15159	,	664.758424	,
155127.50	,	29286.49891	,	30329.25879	,	668.24538	,
155427.50	,	29286.55	,	30329.36598	,	671.412749	,
155727.50	,	29286.60781	,	30329.47328	,	674.259015	,
156027.50	,	29286.67285	,	30329.58021	,	676.78282	,
156327.50	,	29286.74501	,	30329.68686	,	678.982956	,
156627.50	,	29286.82463	,	30329.79292	,	680.858372	,
156927.50	,	29286.91166	,	30329.89838	,	682.408173	,
157227.50	,	29287.00634	,	30330.00299	,	683.631618	,
157527.50	,	29287.10888	,	30330.10648	,	684.528124	,
157827.50	,	29287.21921	,	30330.20885	,	685.097261	,
158127.50	,	29287.33763	,	30330.30972	,	685.33876	,
158427.50	,	29287.46396	,	30330.40916	,	685.252505	,
158727.50	,	29287.59865	,	30330.50662	,	684.838538	,
159027.50	,	29287.74151	,	30330.60216	,	684.09706	,
159327.50	,	29287.89278	,	30330.69538	,	683.028425	,
159627.50	,	29288.05235	,	30330.78626	,	681.633145	,
159927.50	,	29288.22035	,	30330.87447	,	679.911889	,
160227.50	,	29288.39691	,	30330.95972	,	677.86548	,
160527.50	,	29288.58186	,	30331.04194	,	675.494899	,
160827.50	,	29288.77539	,	30331.12075	,	672.801279	,
161127.50	,	29288.97734	,	30331.19608	,	669.785909	,
161427.50	,	29289.18777	,	30331.26762	,	666.450233	,
161727.50	,	29289.40666	,	30331.33513	,	662.795847	,
162027.50	,	29289.63405	,	30331.3983	,	658.824497	,
162327.50	,	29289.86974	,	30331.45706	,	654.538086	,
162627.50	,	29290.11373	,	30331.5111	,	649.938662	,
162927.50	,	29290.36604	,	30331.5601	,	645.028426	,
163227.50	,	29290.62641	,	30331.60401	,	639.809726	,
163527.50	,	29290.89491	,	30331.64242	,	634.285058	,
163827.50	,	29291.17126	,	30331.67527	,	628.457065	,
164127.50	,	29291.4555	,	30331.70219	,	622.328534	,
164427.50	,	29291.74724	,	30331.72319	,	615.902396	,
164727.50	,	29292.04667	,	30331.73774	,	609.181724	,
165027.50	,	29292.35337	,	30331.74586	,	602.169731	,
165327.50	,	29292.66725	,	30331.74727	,	594.869771	,
165627.50	,	29292.98821	,	30331.74169	,	587.285335	,
165927.50	,	29293.31588	,	30331.72908	,	579.420049	,
166227.50	,	29293.65022	,	30331.7091	,	571.277674	,
166527.50	,	29293.99083	,	30331.68172	,	562.862103	,
166827.50	,	29294.33766	,	30331.6466	,	554.177361	,
167127.50	,	29294.69019	,	30331.60383	,	545.227599	,
167427.50	,	29295.04854	,	30331.55291	,	536.017096	,
167727.50	,	29295.41215	,	30331.49394	,	526.550257	,
168027.50	,	29295.78086	,	30331.4267	,	516.831608	,
168327.50	,	29296.15445	,	30331.35096	,	506.865794	,
168627.50	,	29296.53246	,	30331.26677	,	496.657581	,
168927.50	,	29296.91477	,	30331.17385	,	486.21185	,
169227.50	,	29297.30088	,	30331.07225	,	475.533593	,
169527.50	,	29297.69064	,	30330.96173	,	464.627916	,
169827.50	,	29298.08355	,	30330.84235	,	453.500034	,
170127.50	,	29298.47937	,	30330.71397	,	442.155266	,
170427.50	,	29298.87773	,	30330.57651	,	430.599036	,
170727.50	,	29299.27831	,	30330.42994	,	418.83687	,
171027.50	,	29299.68082	,	30330.27413	,	406.874388	,
171327.50	,	29300.08475	,	30330.10923	,	394.71731	,
171627.50	,	29300.48989	,	30329.93506	,	382.371447	,
171927.50	,	29300.8957	,	30329.75178	,	369.8427	,
172227.50	,	29301.30199	,	30329.55925	,	357.137059	,
172527.50	,	29301.7082	,	30329.35764	,	344.260598	,
172556.00	,	29297.33879	,	30333.57692	,	342.971931	,
172557.50	,	29297.27875	,	30333.63419	,	342.89407	,
172559.00	,	29297.29902	,	30333.61653	,	342.834842	,
172560.50	,	29297.28736	,	30333.62747	,	342.77027	,
172562.00	,	29297.29678	,	30333.62073	,	342.740798	,
172563.50	,	29297.32363	,	30333.6008	,	342.698993	,
172565.00	,	29297.3291	,	30333.59684	,	342.612098	,
172566.50	,	29297.3344	,	30333.59343	,	342.538245	,
172568.00	,	29297.3044	,	30333.61159	,	342.471081	,
172569.50	,	29297.30095	,	30333.61373	,	342.413043	,
172571.00	,	29297.31065	,	30333.60951	,	342.365177	,
172572.50	,	29297.32435	,	30333.60306	,	342.290882	,
172574.00	,	29297.3363	,	30333.59805	,	342.222689	,
172575.50	,	29297.3194	,	30333.60367	,	342.163749	,
172577.00	,	29297.31635	,	30333.60344	,	342.082136	,
172578.50	,	29297.33889	,	30333.59748	,	342.02598	,
172580.00	,	29297.33662	,	30333.59647	,	341.940658	,
172581.50	,	29297.33523	,	30333.59638	,	341.882607	,
172583.00	,	29297.33097	,	30333.5963	,	341.817007	,
172584.50	,	29297.34579	,	30333.5931	,	341.742639	,
172586.00	,	29297.35548	,	30333.59126	,	341.678819	,
172587.50	,	29297.35285	,	30333.5908	,	341.617804	,
172589.00	,	29297.35648	,	30333.58974	,	341.554983	,
172590.50	,	29297.36446	,	30333.58801	,	341.482259	,
172592.00	,	29297.36398	,	30333.58712	,	341.41926	,
172593.50	,	29297.38742	,	30333.58548	,	341.349755	,
172595.00	,	29297.39396	,	30333.58419	,	341.280677	,
172596.50	,	29297.40202	,	30333.58268	,	341.205881	,
172598.00	,	29297.40284	,	30333.58176	,	341.144348	,
172599.50	,	29297.40034	,	30333.58102	,	341.088126	,
172601.00	,	29297.41244	,	30333.58052	,	341.026015	,
172602.50	,	29297.41343	,	30333.57933	,	340.959809	,
172604.00	,	29297.39752	,	30333.57729	,	340.896016	,
172605.50	,	29297.39607	,	30333.57571	,	340.825639	,
172607.00	,	29297.36945	,	30333.57278	,	340.764143	,
172608.50	,	29297.38992	,	30333.57373	,	340.709791	,
172610.00	,	29297.39069	,	30333.57232	,	340.640453	,
172611.50	,	29297.389	,	30333.57141	,	340.584256	,
172613.00	,	29297.41906	,	30333.5725	,	340.511121	,
172614.50	,	29297.42903	,	30333.57226	,	340.447161	,
172616.00	,	29297.44123	,	30333.57187	,	340.376056	,
172617.50	,	29297.42254	,	30333.56828	,	340.30434	,
172619.00	,	29297.42274	,	30333.56688	,	340.236935	,
172620.50	,	29297.41433	,	30333.56307	,	340.143075	,
172622.00	,	29297.42255	,	30333.56315	,	340.086122	,
172623.50	,	29297.39538	,	30333.55872	,	340.021329	,
172625.00	,	29297.405	,	30333.55943	,	339.972153	,
172626.50	,	29297.38303	,	30333.55531	,	339.903878	,
172628.00	,	29297.41606	,	30333.55741	,	339.827849	,
172629.50	,	29297.43819	,	30333.55852	,	339.757447	,
172631.00	,	29297.42865	,	30333.55577	,	339.688076	,
172632.50	,	29297.43147	,	30333.55535	,	339.632924	,
172634.00	,	29297.41569	,	30333.55138	,	339.556666	,
172635.50	,	29297.39615	,	30333.54858	,	339.510217	,
172637.00	,	29297.4198	,	30333.54989	,	339.437465	,
172638.50	,	29297.41424	,	30333.54824	,	339.379589	,
172640.00	,	29297.39281	,	30333.54461	,	339.323992	,
172641.50	,	29297.39748	,	30333.54329	,	339.247963	,
172643.00	,	29297.42585	,	30333.54643	,	339.195244	,
172644.50	,	29297.4234	,	30333.54479	,	339.130679	,
172646.00	,	29297.439	,	30333.54617	,	339.076901	,
172647.50	,	29297.42202	,	30333.54215	,	339.00482	,
172649.00	,	29297.43969	,	30333.54353	,	338.945543	,
172650.50	,	29297.43878	,	30333.54236	,	338.8858	,
172652.00	,	29297.42751	,	30333.53988	,	338.828045	,
172653.50	,	29297.40555	,	30333.53597	,	338.770677	,
172655.00	,	29297.41341	,	30333.53533	,	338.698811	,
172656.50	,	29297.41932	,	30333.53466	,	338.631223	,
172658.00	,	29297.4346	,	30333.53514	,	338.56109	,
172659.50	,	29297.43119	,	30333.53316	,	338.493159	,
172661.00	,	29297.4446	,	30333.53238	,	338.404999	,
172662.50	,	29297.44116	,	30333.5306	,	338.340672	,
172664.00	,	29297.43778	,	30333.52887	,	338.277171	,
172665.50	,	29297.42668	,	30333.52583	,	338.209119	,
172667.00	,	29297.45555	,	30333.52807	,	338.136684	,
172668.50	,	29297.46304	,	30333.52912	,	338.095831	,
172670.00	,	29297.45571	,	30333.52687	,	338.032782	,
172671.50	,	29297.44743	,	30333.5253	,	337.98425	,
172673.00	,	29297.45224	,	30333.52432	,	337.913828	,
172674.50	,	29297.45964	,	30333.52418	,	337.851961	,
172676.00	,	29297.46106	,	30333.5227	,	337.780948	,
172677.50	,	29297.46963	,	30333.52219	,	337.709724	,
172679.00	,	29297.49126	,	30333.52289	,	337.627677	,
172680.50	,	29297.49607	,	30333.52246	,	337.567147	,
172682.00	,	29297.49113	,	30333.52043	,	337.502294	,
172683.50	,	29297.50238	,	30333.52119	,	337.447099	,
172685.00	,	29297.52121	,	30333.52264	,	337.385625	,
172985.00	,	29297.93232	,	30333.30039	,	324.23717	,
173285.00	,	29298.34236	,	30333.06872	,	310.933623	,
173585.00	,	29298.75067	,	30332.82795	,	297.481343	,
173885.00	,	29299.15702	,	30332.57801	,	283.886761	,
174185.00	,	29299.56086	,	30332.31918	,	270.156375	,
174485.00	,	29299.96194	,	30332.05141	,	256.296749	,
174785.00	,	29300.35971	,	30331.77501	,	242.314509	,
175085.00	,	29300.75394	,	30331.48994	,	228.216338	,
175385.00	,	29301.14406	,	30331.19654	,	214.008977	,
175685.00	,	29301.52978	,	30330.8949	,	199.699217	,
175985.00	,	29301.91071	,	30330.58519	,	185.293899	,
176285.00	,	29302.28646	,	30330.26763	,	170.799909	,
176585.00	,	29302.65674	,	30329.94232	,	156.224176	,
176885.00	,	29303.02101	,	30329.60966	,	141.573669	,
177185.00	,	29303.37908	,	30329.26972	,	126.855391	,
177485.00	,	29303.73039	,	30328.92292	,	112.076379	,
177785.00	,	29304.07479	,	30328.56932	,	97.243698	,
178085.00	,	29304.41173	,	30328.20938	,	82.36444	,
178385.00	,	29304.74098	,	30327.84329	,	67.445718	,
178685.00	,	29305.06219	,	30327.47133	,	52.494665	,
178985.00	,	29305.37504	,	30327.0938	,	37.518428	,
179285.00	,	29305.67931	,	30326.71093	,	22.524169	,
179585.00	,	29305.97451	,	30326.3232	,	7.519057	,
179885.00	,	29306.26053	,	30325.93077	,	-7.489735	,
180185.00	,	29306.5369	,	30325.53414	,	-22.495031	,
180485.00	,	29306.80352	,	30325.13349	,	-37.489654	,
180785.00	,	29307.05996	,	30324.72934	,	-52.466436	,
181085.00	,	29307.30606	,	30324.32195	,	-67.418214	,
181385.00	,	29307.54165	,	30323.91161	,	-82.337841	,
181685.00	,	29307.76626	,	30323.49894	,	-97.21818	,
181985.00	,	29307.98001	,	30323.08398	,	-112.052116	,
182285.00	,	29308.18245	,	30322.66736	,	-126.832556	,
182585.00	,	29308.37355	,	30322.2493	,	-141.55243	,
182885.00	,	29308.55298	,	30321.83036	,	-156.2047	,
183185.00	,	29308.72074	,	30321.41076	,	-170.782357	,
183485.00	,	29308.8765	,	30320.99107	,	-185.278431	,
183785.00	,	29309.02024	,	30320.57159	,	-199.685986	,
184085.00	,	29309.15191	,	30320.15266	,	-213.998134	,
184385.00	,	29309.27114	,	30319.73492	,	-228.208027	,
184685.00	,	29309.37821	,	30319.31843	,	-242.308868	,
184985.00	,	29309.47276	,	30318.90385	,	-256.293913	,
185285.00	,	29309.55492	,	30318.49142	,	-270.156473	,
185585.00	,	29309.62446	,	30318.0817	,	-283.889914	,
185885.00	,	29309.68154	,	30317.67493	,	-297.487667	,
186185.00	,	29309.72595	,	30317.27166	,	-310.943227	,
186485.00	,	29309.75778	,	30316.87222	,	-324.250157	,
186785.00	,	29309.77715	,	30316.47691	,	-337.402088	,
187085.00	,	29309.78381	,	30316.08636	,	-350.39273	,
187385.00	,	29309.77815	,	30315.70063	,	-363.215865	,
187685.00	,	29309.75998	,	30315.32034	,	-375.865357	,
187985.00	,	29309.72954	,	30314.94569	,	-388.335154	,
188285.00	,	29309.68674	,	30314.57723	,	-400.619288	,
188585.00	,	29309.63186	,	30314.21515	,	-412.71188	,
188885.00	,	29309.56484	,	30313.85995	,	-424.607142	,
189185.00	,	29309.48589	,	30313.51191	,	-436.299382	,
189485.00	,	29309.39524	,	30313.17128	,	-447.783002	,
189785.00	,	29309.29279	,	30312.83864	,	-459.052505	,
190085.00	,	29309.17906	,	30312.51396	,	-470.102498	,
190385.00	,	29309.05396	,	30312.19782	,	-480.927689	,
190685.00	,	29308.91786	,	30311.89034	,	-491.522897	,
190985.00	,	29308.77079	,	30311.59198	,	-501.883048	,
191285.00	,	29308.61314	,	30311.30285	,	-512.003183	,
191585.00	,	29308.44497	,	30311.02338	,	-521.878454	,
191885.00	,	29308.26659	,	30310.75375	,	-531.504133	,
192185.00	,	29308.07836	,	30310.49411	,	-540.875611	,
192485.00	,	29307.88034	,	30310.24487	,	-549.988399	,
192785.00	,	29307.6729	,	30310.00616	,	-558.838131	,
193085.00	,	29307.45631	,	30309.77819	,	-567.42057	,
193385.00	,	29307.23095	,	30309.56105	,	-575.731604	,
193685.00	,	29306.99693	,	30309.35511	,	-583.76725	,
193985.00	,	29306.75473	,	30309.16035	,	-591.523659	,
194285.00	,	29306.50448	,	30308.9771	,	-598.997115	,
194585.00	,	29306.24659	,	30308.80541	,	-606.184035	,
194885.00	,	29305.98147	,	30308.64532	,	-613.080975	,
195185.00	,	29305.70926	,	30308.49711	,	-619.684631	,
195485.00	,	29305.43039	,	30308.36079	,	-625.991835	,
195785.00	,	29305.14518	,	30308.23643	,	-631.999564	,
196085.00	,	29304.85408	,	30308.12402	,	-637.704937	,
196385.00	,	29304.55724	,	30308.02378	,	-643.105219	,
196685.00	,	29304.25519	,	30307.93557	,	-648.197819	,
196985.00	,	29303.94809	,	30307.85959	,	-652.980294	,
197285.00	,	29303.63639	,	30307.79576	,	-657.450349	,
197585.00	,	29303.32053	,	30307.74398	,	-661.60584	,
197885.00	,	29303.00068	,	30307.70441	,	-665.44477	,
198185.00	,	29302.67727	,	30307.67691	,	-668.965297	,
198485.00	,	29302.35067	,	30307.66145	,	-672.16573	,
198785.00	,	29302.02131	,	30307.65786	,	-675.044531	,
199085.00	,	29301.68935	,	30307.66624	,	-677.600316	,
199385.00	,	29301.35533	,	30307.68633	,	-679.831855	,
199685.00	,	29301.0194	,	30307.71819	,	-681.738075	,
199985.00	,	29300.682	,	30307.76162	,	-683.318056	,
200285.00	,	29300.34356	,	30307.81639	,	-684.571036	,
200585.00	,	29300.00421	,	30307.88254	,	-685.496409	,
200885.00	,	29299.66439	,	30307.95981	,	-686.093727	,
201185.00	,	29299.32442	,	30308.04805	,	-686.362697	,
201485.00	,	29298.98469	,	30308.14697	,	-686.303183	,
201785.00	,	29298.64535	,	30308.25655	,	-685.91521	,
202085.00	,	29298.30687	,	30308.37643	,	-685.198955	,
202385.00	,	29297.96937	,	30308.50656	,	-684.154756	,
202685.00	,	29297.63323	,	30308.64661	,	-682.783108	,
202985.00	,	29297.29883	,	30308.79628	,	-681.084659	,
203285.00	,	29296.96625	,	30308.95549	,	-679.060218	,
203585.00	,	29296.63586	,	30309.1239	,	-676.710748	,
203885.00	,	29296.30791	,	30309.30124	,	-674.037368	,
204185.00	,	29295.98273	,	30309.48715	,	-671.041351	,
204485.00	,	29295.66038	,	30309.68154	,	-667.724126	,
204785.00	,	29295.34128	,	30309.88394	,	-664.087277	,
205085.00	,	29295.02546	,	30310.09423	,	-660.132537	,
205385.00	,	29294.71322	,	30310.31202	,	-655.861795	,
205685.00	,	29294.40485	,	30310.53693	,	-651.27709	,
205985.00	,	29294.10035	,	30310.76882	,	-646.380612	,
206285.00	,	29293.79999	,	30311.00729	,	-641.1747	,
206585.00	,	29293.50395	,	30311.25201	,	-635.66184	,
206885.00	,	29293.21245	,	30311.50259	,	-629.844667	,
207185.00	,	29292.92547	,	30311.75887	,	-623.725961	,
207485.00	,	29292.64331	,	30312.02035	,	-617.308647	,
207785.00	,	29292.36593	,	30312.28688	,	-610.595791	,
208085.00	,	29292.09351	,	30312.55803	,	-603.590604	,
208385.00	,	29291.82625	,	30312.8334	,	-596.296434	,
208685.00	,	29291.56405	,	30313.11282	,	-588.716769	,
208985.00	,	29291.30709	,	30313.39588	,	-580.855234	,
209285.00	,	29291.05542	,	30313.68224	,	-572.715589	,
209585.00	,	29290.80918	,	30313.9715	,	-564.301725	,
209885.00	,	29290.56825	,	30314.2635	,	-555.617668	,
210185.00	,	29290.33283	,	30314.55774	,	-546.667571	,
210485.00	,	29290.10276	,	30314.85408	,	-537.455715	,
210785.00	,	29289.87814	,	30315.15211	,	-527.986508	,
211085.00	,	29289.65907	,	30315.45144	,	-518.264479	,
211385.00	,	29289.44534	,	30315.75192	,	-508.294279	,
211685.00	,	29289.23703	,	30316.05316	,	-498.080679	,
211985.00	,	29289.03412	,	30316.35488	,	-487.628566	,
212285.00	,	29288.83664	,	30316.65668	,	-476.942939	,
212585.00	,	29288.64437	,	30316.95846	,	-466.028913	,
212885.00	,	29288.45743	,	30317.25977	,	-454.891711	,
213185.00	,	29288.27557	,	30317.56049	,	-443.53666	,
213485.00	,	29288.09881	,	30317.86029	,	-431.969196	,
213785.00	,	29287.92715	,	30318.15882	,	-420.194853	,
214085.00	,	29287.76032	,	30318.45599	,	-408.219267	,
214385.00	,	29287.59832	,	30318.7515	,	-396.04817	,
214685.00	,	29287.44103	,	30319.04509	,	-383.687385	,
214985.00	,	29287.28844	,	30319.33646	,	-371.142828	,
215285.00	,	29287.14024	,	30319.62558	,	-358.420504	,
215585.00	,	29286.9965	,	30319.91206	,	-345.526502	,
215885.00	,	29286.85689	,	30320.19589	,	-332.466993	,
216185.00	,	29286.72139	,	30320.47679	,	-319.248228	,
216485.00	,	29286.58993	,	30320.7545	,	-305.876534	,
216785.00	,	29286.4622	,	30321.02903	,	-292.358311	,
217085.00	,	29286.33814	,	30321.30014	,	-278.700029	,
217385.00	,	29286.2176	,	30321.5677	,	-264.908227	,
217685.00	,	29286.10051	,	30321.83147	,	-250.989505	,
217985.00	,	29285.98655	,	30322.09152	,	-236.950527	,
218285.00	,	29285.87574	,	30322.34756	,	-222.798012	,
218585.00	,	29285.76773	,	30322.59966	,	-208.538735	,
218885.00	,	29285.66247	,	30322.84765	,	-194.179521	,
219185.00	,	29285.55989	,	30323.09137	,	-179.727244	,
219485.00	,	29285.45964	,	30323.33092	,	-165.188822	,
219785.00	,	29285.36165	,	30323.56617	,	-150.571215	,
220085.00	,	29285.26578	,	30323.79705	,	-135.881418	,
220385.00	,	29285.17196	,	30324.02346	,	-121.126465	,
220685.00	,	29285.07985	,	30324.24555	,	-106.313418	,
220985.00	,	29284.98949	,	30324.46313	,	-91.449367	,
221285.00	,	29284.90054	,	30324.67636	,	-76.541429	,
221585.00	,	29284.81296	,	30324.88517	,	-61.59674	,
221885.00	,	29284.72669	,	30325.08949	,	-46.622453	,
222185.00	,	29284.64141	,	30325.28951	,	-31.625736	,
222485.00	,	29284.55709	,	30325.48519	,	-16.613768	,
222785.00	,	29284.4736	,	30325.67658	,	-1.593735	,
223085.00	,	29284.3909	,	30325.86364	,	13.427174	,
223385.00	,	29284.30871	,	30326.04659	,	28.441768	,
223685.00	,	29284.22709	,	30326.22536	,	43.442859	,
223985.00	,	29284.14575	,	30326.40017	,	58.423268	,
224285.00	,	29284.06469	,	30326.57104	,	73.375824	,
224585.00	,	29283.98392	,	30326.73796	,	88.293369	,
224885.00	,	29283.90316	,	30326.90122	,	103.168764	,
225185.00	,	29283.82244	,	30327.06083	,	117.994887	,
225485.00	,	29283.74169	,	30327.2169	,	132.764642	,
225785.00	,	29283.66093	,	30327.36948	,	147.470959	,
226085.00	,	29283.57994	,	30327.51884	,	162.106801	,
226385.00	,	29283.49884	,	30327.66495	,	176.66516	,
226685.00	,	29283.41744	,	30327.80811	,	191.139069	,
226985.00	,	29283.3358	,	30327.94838	,	205.521601	,
227285.00	,	29283.25398	,	30328.0858	,	219.805872	,
227585.00	,	29283.1718	,	30328.22069	,	233.985044	,
227885.00	,	29283.08935	,	30328.35312	,	248.052331	,
228185.00	,	29283.00664	,	30328.48322	,	262.001002	,
228485.00	,	29282.92378	,	30328.61107	,	275.824379	,
228785.00	,	29282.84063	,	30328.73698	,	289.515848	,
229085.00	,	29282.75739	,	30328.86093	,	303.068855	,
229385.00	,	29282.67394	,	30328.98325	,	316.476915	,
229685.00	,	29282.59042	,	30329.104	,	329.73361	,
229985.00	,	29282.50698	,	30329.22325	,	342.832597	,
230285.00	,	29282.42353	,	30329.34131	,	355.767607	,
230585.00	,	29282.34024	,	30329.45825	,	368.532451	,
230885.00	,	29282.25719	,	30329.57422	,	381.121019	,
231185.00	,	29282.17459	,	30329.68927	,	393.527287	,
231485.00	,	29282.09235	,	30329.80371	,	405.74532	,
231785.00	,	29282.01077	,	30329.91751	,	417.769269	,
232085.00	,	29281.92981	,	30330.03097	,	429.593384	,
232385.00	,	29281.84968	,	30330.14414	,	441.212004	,
232685.00	,	29281.77062	,	30330.25705	,	452.619571	,
232985.00	,	29281.69259	,	30330.36999	,	463.810628	,
233285.00	,	29281.61584	,	30330.48299	,	474.779818	,
233585.00	,	29281.54054	,	30330.59617	,	485.521895	,
233885.00	,	29281.46693	,	30330.70953	,	496.031719	,
234185.00	,	29281.39502	,	30330.82334	,	506.304262	,
234485.00	,	29281.32517	,	30330.93751	,	516.334609	,
234785.00	,	29281.25737	,	30331.05231	,	526.117961	,
235085.00	,	29281.19192	,	30331.16772	,	535.649639	,
235385.00	,	29281.1291	,	30331.28371	,	544.925083	,
235685.00	,	29281.06893	,	30331.40052	,	553.939856	,
235985.00	,	29281.0117	,	30331.51811	,	562.689646	,
236285.00	,	29280.95762	,	30331.63653	,	571.170267	,
236585.00	,	29280.90699	,	30331.75572	,	579.377663	,
236885.00	,	29280.85984	,	30331.87587	,	587.307909	,
237185.00	,	29280.81656	,	30331.99683	,	594.957211	,
237485.00	,	29280.77719	,	30332.11877	,	602.321912	,
237785.00	,	29280.74205	,	30332.24162	,	609.398489	,
238085.00	,	29280.71142	,	30332.36526	,	616.183558	,
238385.00	,	29280.68536	,	30332.48985	,	622.673875	,
238685.00	,	29280.66418	,	30332.61527	,	628.866336	,
238985.00	,	29280.64807	,	30332.74148	,	634.75798	,
239285.00	,	29280.63736	,	30332.86834	,	640.34599	,
239585.00	,	29280.63208	,	30332.99597	,	645.627694	,
239885.00	,	29280.63261	,	30333.12411	,	650.600568	,
240185.00	,	29280.63898	,	30333.25288	,	655.262235	,
240485.00	,	29280.65149	,	30333.38208	,	659.610465	,
240785.00	,	29280.67043	,	30333.51154	,	663.643182	,
241085.00	,	29280.69582	,	30333.64132	,	667.358457	,
241385.00	,	29280.72793	,	30333.77123	,	670.754515	,
241685.00	,	29280.76695	,	30333.90112	,	673.829733	,
241985.00	,	29280.81315	,	30334.03079	,	676.582644	,
242285.00	,	29280.86654	,	30334.16027	,	679.011931	,
242585.00	,	29280.92744	,	30334.28923	,	681.116434	,
242885.00	,	29280.99585	,	30334.41769	,	682.895149	,
243185.00	,	29281.072	,	30334.54539	,	684.347228	,
243485.00	,	29281.15614	,	30334.67207	,	685.471977	,
243785.00	,	29281.24812	,	30334.79782	,	686.268861	,
244085.00	,	29281.34844	,	30334.92209	,	686.7375	,
244385.00	,	29281.45694	,	30335.04497	,	686.877672	,
244685.00	,	29281.57391	,	30335.16606	,	686.689314	,
244985.00	,	29281.69927	,	30335.28534	,	686.172515	,
245285.00	,	29281.83329	,	30335.40242	,	685.327527	,
245585.00	,	29281.97586	,	30335.51726	,	684.154754	,
245885.00	,	29282.12714	,	30335.62955	,	682.65476	,
246185.00	,	29282.28728	,	30335.73898	,	680.828265	,
246485.00	,	29282.45605	,	30335.84558	,	678.676143	,
246785.00	,	29282.63384	,	30335.94877	,	676.199427	,
247085.00	,	29282.8204	,	30336.04857	,	673.399303	,
247385.00	,	29283.01592	,	30336.14458	,	670.277111	,
247685.00	,	29283.22022	,	30336.23672	,	666.834347	,
247985.00	,	29283.43346	,	30336.32459	,	663.072659	,
248285.00	,	29283.65542	,	30336.4081	,	658.993848	,
248585.00	,	29283.88616	,	30336.48694	,	654.599867	,
248885.00	,	29284.12571	,	30336.56078	,	649.892819	,
249185.00	,	29284.37373	,	30336.62962	,	644.874956	,
249485.00	,	29284.6305	,	30336.69288	,	639.54868	,
249785.00	,	29284.89566	,	30336.75059	,	633.916539	,
250085.00	,	29285.16927	,	30336.80234	,	627.981229	,
250385.00	,	29285.45104	,	30336.84805	,	621.74559	,
250685.00	,	29285.741	,	30336.88732	,	615.212604	,
250985.00	,	29286.03885	,	30336.92011	,	608.385398	,
251285.00	,	29286.34449	,	30336.9461	,	601.267238	,
251585.00	,	29286.65786	,	30336.96498	,	593.861528	,
251885.00	,	29286.97849	,	30336.9768	,	586.171812	,
252185.00	,	29287.30654	,	30336.981	,	578.201767	,
252485.00	,	29287.64155	,	30336.97764	,	569.955207	,
252785.00	,	29287.98345	,	30336.96636	,	561.436075	,
253085.00	,	29288.33184	,	30336.94713	,	552.648447	,
253385.00	,	29288.68666	,	30336.9196	,	543.596525	,
253685.00	,	29289.04745	,	30336.88377	,	534.284639	,
253985.00	,	29289.41405	,	30336.83939	,	524.717242	,
254285.00	,	29289.78627	,	30336.78622	,	514.898909	,
254585.00	,	29290.16354	,	30336.72437	,	504.834337	,
254885.00	,	29290.54592	,	30336.65335	,	494.528338	,
255185.00	,	29290.93283	,	30336.5733	,	483.985841	,
255485.00	,	29291.32413	,	30336.48393	,	473.211888	,
255785.00	,	29291.71932	,	30336.3853	,	462.21163	,
256085.00	,	29292.11822	,	30336.27715	,	450.990327	,
256385.00	,	29292.52033	,	30336.15956	,	439.553347	,
256685.00	,	29292.92536	,	30336.03238	,	427.906159	,
256985.00	,	29293.33305	,	30335.89545	,	416.054331	,
257285.00	,	29293.74277	,	30335.74899	,	404.00353	,
257585.00	,	29294.1545	,	30335.59263	,	391.759519	,
257885.00	,	29294.56758	,	30335.4266	,	379.32815	,
258185.00	,	29294.98183	,	30335.25072	,	366.715369	,
258485.00	,	29295.39666	,	30335.06517	,	353.927206	,
258785.00	,	29295.81187	,	30334.86979	,	340.969775	,
259085.00	,	29296.22687	,	30334.66478	,	327.849272	,
259385.00	,	29296.64136	,	30334.4501	,	314.57197	,
259685.00	,	29297.05494	,	30334.22581	,	301.144217	,
259985.00	,	29297.46719	,	30333.99198	,	287.572434	,
260285.00	,	29297.8778	,	30333.74861	,	273.863108	,
260585.00	,	29298.28619	,	30333.49597	,	260.022796	,
260885.00	,	29298.69212	,	30333.234	,	246.058114	,
261185.00	,	29299.09502	,	30332.963	,	231.975739	,
261485.00	,	29299.49466	,	30332.68293	,	217.782403	,
261785.00	,	29299.89044	,	30332.39413	,	203.484894	,
262085.00	,	29300.28207	,	30332.09667	,	189.090047	,
262385.00	,	29300.66914	,	30331.79073	,	174.604744	,
262685.00	,	29301.05126	,	30331.47651	,	160.035911	,
262985.00	,	29301.42812	,	30331.15412	,	145.390513	,
263285.00	,	29301.79916	,	30330.82396	,	130.675554	,
263585.00	,	29302.16418	,	30330.48608	,	115.898068	,
263885.00	,	29302.52262	,	30330.14091	,	101.065121	,
264185.00	,	29302.87428	,	30329.78852	,	86.183806	,
264485.00	,	29303.21864	,	30329.42935	,	71.261238	,
264785.00	,	29303.55542	,	30329.06361	,	56.304551	,
265085.00	,	29303.88427	,	30328.69157	,	41.320897	,
265385.00	,	29304.20486	,	30328.31354	,	26.317441	,
265685.00	,	29304.51694	,	30327.92975	,	11.301357	,
265985.00	,	29304.82001	,	30327.54069	,	-3.720175	,
266285.00	,	29305.11394	,	30327.14651	,	-18.739972	,
266585.00	,	29305.39826	,	30326.74773	,	-33.750852	,
266885.00	,	29305.67285	,	30326.34452	,	-48.745637	,
267185.00	,	29305.93725	,	30325.93742	,	-63.717156	,
267485.00	,	29306.19128	,	30325.52671	,	-78.65825	,
267785.00	,	29306.43469	,	30325.11275	,	-93.561774	,
268085.00	,	29306.66724	,	30324.69592	,	-108.4206	,
268385.00	,	29306.88878	,	30324.27653	,	-123.227623	,
268685.00	,	29307.09892	,	30323.85513	,	-137.975761	,
268985.00	,	29307.29763	,	30323.43196	,	-152.65796	,
269285.00	,	29307.48455	,	30323.00757	,	-167.267199	,
269585.00	,	29307.65967	,	30322.58222	,	-181.796491	,
269885.00	,	29307.82266	,	30322.15647	,	-196.238885	,
270185.00	,	29307.97345	,	30321.73065	,	-210.587474	,
270485.00	,	29308.11192	,	30321.30518	,	-224.835395	,
270785.00	,	29308.23794	,	30320.88047	,	-238.975832	,
271085.00	,	29308.35151	,	30320.45685	,	-253.002022	,
271385.00	,	29308.45234	,	30320.03491	,	-266.907254	,
271685.00	,	29308.54055	,	30319.61489	,	-280.684877	,
271985.00	,	29308.61591	,	30319.19739	,	-294.328299	,
272285.00	,	29308.67854	,	30318.78264	,	-307.830993	,
272585.00	,	29308.72824	,	30318.37124	,	-321.186499	,
272885.00	,	29308.76509	,	30317.9635	,	-334.388427	,
273185.00	,	29308.78908	,	30317.55983	,	-347.43046	,
273485.00	,	29308.80025	,	30317.16065	,	-360.306358	,
273785.00	,	29308.79871	,	30316.76625	,	-373.00996	,
274085.00	,	29308.78432	,	30316.37722	,	-385.535186	,
274385.00	,	29308.75734	,	30315.99376	,	-397.876043	,
274685.00	,	29308.71766	,	30315.61643	,	-410.026624	,
274985.00	,	29308.66556	,	30315.24544	,	-421.981114	,
275285.00	,	29308.60095	,	30314.88133	,	-433.733792	,
275585.00	,	29308.52397	,	30314.52446	,	-445.279033	,
275885.00	,	29308.43502	,	30314.17493	,	-456.61131	,
276185.00	,	29308.33397	,	30313.83333	,	-467.725198	,
276485.00	,	29308.22117	,	30313.49985	,	-478.615378	,
276785.00	,	29308.09662	,	30313.17497	,	-489.276635	,
277085.00	,	29307.96069	,	30312.85883	,	-499.703865	,
277385.00	,	29307.81339	,	30312.55192	,	-509.892077	,
277685.00	,	29307.65512	,	30312.25437	,	-519.836391	,
277985.00	,	29307.48593	,	30311.96662	,	-529.532045	,
278285.00	,	29307.30606	,	30311.68894	,	-538.974398	,
278585.00	,	29307.11601	,	30311.42135	,	-548.158926	,
278885.00	,	29306.91578	,	30311.16433	,	-557.08123	,
279185.00	,	29306.70582	,	30310.91797	,	-565.737037	,
279485.00	,	29306.48622	,	30310.68264	,	-574.122201	,
279785.00	,	29306.25746	,	30310.45838	,	-582.232705	,
280085.00	,	29306.01965	,	30310.24557	,	-590.064663	,
280385.00	,	29305.77327	,	30310.0442	,	-597.614322	,
280685.00	,	29305.51846	,	30309.85461	,	-604.878065	,
280985.00	,	29305.25553	,	30309.67696	,	-611.85241	,
281285.00	,	29304.98508	,	30309.51112	,	-618.534016	,
281585.00	,	29304.70717	,	30309.35747	,	-624.919679	,
281885.00	,	29304.42233	,	30309.21595	,	-631.006339	,
282185.00	,	29304.13071	,	30309.08681	,	-636.791077	,
282485.00	,	29303.83283	,	30308.96997	,	-642.271118	,
282785.00	,	29303.52888	,	30308.86565	,	-647.443836	,
283085.00	,	29303.21938	,	30308.77373	,	-652.306749	,
283385.00	,	29302.90451	,	30308.69441	,	-656.857524	,
283685.00	,	29302.58463	,	30308.6277	,	-661.093978	,
283985.00	,	29302.26037	,	30308.57335	,	-665.014076	,
284285.00	,	29301.93183	,	30308.53159	,	-668.615938	,
284585.00	,	29301.59953	,	30308.50223	,	-671.897833	,
284885.00	,	29301.26368	,	30308.48539	,	-674.858186	,
285185.00	,	29300.9248	,	30308.48084	,	-677.495572	,
285485.00	,	29300.58308	,	30308.48867	,	-679.808725	,
285785.00	,	29300.23905	,	30308.50863	,	-681.796531	,
286085.00	,	29299.8929	,	30308.54078	,	-683.458033	,
286385.00	,	29299.54497	,	30308.585	,	-684.792429	,
286685.00	,	29299.19589	,	30308.64091	,	-685.799076	,
286985.00	,	29298.84572	,	30308.70861	,	-686.477486	,
287285.00	,	29298.495	,	30308.78777	,	-686.827327	,
287585.00	,	29298.14387	,	30308.8784	,	-686.848428	,
287885.00	,	29297.79286	,	30308.98014	,	-686.540773	,
288185.00	,	29297.44209	,	30309.09297	,	-685.904502	,
288485.00	,	29297.09208	,	30309.2165	,	-684.939915	,
288785.00	,	29296.74296	,	30309.35069	,	-683.647469	,
289085.00	,	29296.39503	,	30309.4953	,	-682.027776	,
289385.00	,	29296.04885	,	30309.64984	,	-680.081606	,
289685.00	,	29295.70444	,	30309.81431	,	-677.809886	,
289985.00	,	29295.36227	,	30309.98829	,	-675.213698	,
290285.00	,	29295.02243	,	30310.17166	,	-672.29428	,
290585.00	,	29294.68536	,	30310.36399	,	-669.053025	,
290885.00	,	29294.35114	,	30310.56516	,	-665.491478	,
291185.00	,	29294.02018	,	30310.77469	,	-661.61134	,
291485.00	,	29293.69254	,	30310.99246	,	-657.414464	,
291785.00	,	29293.36845	,	30311.21816	,	-652.902855	,
292085.00	,	29293.04839	,	30311.45122	,	-648.078667	,
292385.00	,	29292.73228	,	30311.69157	,	-642.944205	,
292685.00	,	29292.42051	,	30311.93872	,	-637.501925	,
292985.00	,	29292.11306	,	30312.1925	,	-631.754426	,
293285.00	,	29291.81029	,	30312.45242	,	-625.704456	,
293585.00	,	29291.51218	,	30312.71831	,	-619.354907	,
293885.00	,	29291.21905	,	30312.98965	,	-612.708817	,
294185.00	,	29290.93077	,	30313.26636	,	-605.769362	,
294485.00	,	29290.64772	,	30313.54784	,	-598.539861	,
294785.00	,	29290.37003	,	30313.83375	,	-591.023772	,
295085.00	,	29290.0976	,	30314.1239	,	-583.224691	,
295385.00	,	29289.83071	,	30314.41779	,	-575.146347	,
295685.00	,	29289.56925	,	30314.71524	,	-566.792606	,
295985.00	,	29289.31347	,	30315.01573	,	-558.167463	,
296285.00	,	29289.06324	,	30315.3191	,	-549.275046	,
296585.00	,	29288.81878	,	30315.62483	,	-540.119609	,
296885.00	,	29288.57985	,	30315.93285	,	-530.705533	,
297185.00	,	29288.34673	,	30316.24256	,	-521.037323	,
297485.00	,	29288.11945	,	30316.55363	,	-511.119604	,
297785.00	,	29287.8978	,	30316.86592	,	-500.957124	,
298085.00	,	29287.68197	,	30317.17892	,	-490.554745	,
298385.00	,	29287.47175	,	30317.49251	,	-479.917446	,
298685.00	,	29287.26727	,	30317.80618	,	-469.050319	,
298985.00	,	29287.06833	,	30318.11983	,	-457.958564	,
299285.00	,	29286.87504	,	30318.43297	,	-446.647489	,
299585.00	,	29286.68707	,	30318.74557	,	-435.12251	,
299885.00	,	29286.50463	,	30319.05711	,	-423.389142	,
300185.00	,	29286.32762	,	30319.3673	,	-411.453002	,
300485.00	,	29286.15578	,	30319.67604	,	-399.319804	,
300785.00	,	29285.9892	,	30319.98293	,	-386.995355	,
301085.00	,	29285.82759	,	30320.28787	,	-374.485554	,
301385.00	,	29285.67101	,	30320.59046	,	-361.796392	,
301685.00	,	29285.51918	,	30320.89064	,	-348.933941	,
301985.00	,	29285.37214	,	30321.18802	,	-335.90436	,
302285.00	,	29285.2295	,	30321.48266	,	-322.713885	,
302585.00	,	29285.09139	,	30321.77409	,	-309.368832	,
302885.00	,	29284.95766	,	30322.06213	,	-295.87559	,
303185.00	,	29284.828	,	30322.34677	,	-282.240617	,
303485.00	,	29284.70243	,	30322.62768	,	-268.470442	,
303785.00	,	29284.58062	,	30322.90488	,	-254.571658	,
304085.00	,	29284.46259	,	30323.17804	,	-240.550917	,
304385.00	,	29284.34801	,	30323.44722	,	-226.414933	,
304685.00	,	29284.23689	,	30323.71212	,	-212.170474	,
304985.00	,	29284.1288	,	30323.97288	,	-197.824358	,
305285.00	,	29284.02385	,	30324.22915	,	-183.383454	,
305585.00	,	29283.92186	,	30324.48085	,	-168.854677	,
305885.00	,	29283.8225	,	30324.72808	,	-154.244981	,
306185.00	,	29283.72577	,	30324.97059	,	-139.561361	,
306485.00	,	29283.63134	,	30325.20851	,	-124.810847	,
306785.00	,	29283.53922	,	30325.44162	,	-110.000501	,
307085.00	,	29283.44906	,	30325.67008	,	-95.137414	,
307385.00	,	29283.36081	,	30325.89377	,	-80.228701	,
307685.00	,	29283.27429	,	30326.11268	,	-65.2815	,
307985.00	,	29283.18935	,	30326.32683	,	-50.302967	,
308285.00	,	29283.10594	,	30326.53613	,	-35.300272	,
308585.00	,	29283.02372	,	30326.74079	,	-20.280599	,
308885.00	,	29282.94274	,	30326.94066	,	-5.251138	,
309185.00	,	29282.86267	,	30327.13596	,	9.780916	,
309485.00	,	29282.78356	,	30327.32658	,	24.808366	,
309785.00	,	29282.7051	,	30327.51274	,	39.824019	,
310085.00	,	29282.62725	,	30327.69443	,	54.820685	,
310385.00	,	29282.54992	,	30327.87174	,	69.791187	,
310685.00	,	29282.47297	,	30328.04474	,	84.728356	,
310985.00	,	29282.3964	,	30328.21346	,	99.625042	,
311285.00	,	29282.31994	,	30328.37815	,	114.474115	,
311585.00	,	29282.24367	,	30328.53878	,	129.268466	,
311885.00	,	29282.16733	,	30328.69561	,	144.001012	,
312185.00	,	29282.09103	,	30328.8486	,	158.664702	,
312485.00	,	29282.01453	,	30328.99806	,	173.252516	,
312785.00	,	29281.93786	,	30329.14404	,	187.757471	,
313085.00	,	29281.86097	,	30329.28666	,	202.172624	,
313385.00	,	29281.78382	,	30329.42608	,	216.491075	,
313685.00	,	29281.70648	,	30329.56236	,	230.70597	,
313985.00	,	29281.62873	,	30329.69582	,	244.810506	,
314285.00	,	29281.55075	,	30329.82644	,	258.79793	,
314585.00	,	29281.47236	,	30329.95456	,	272.66155	,
314885.00	,	29281.39374	,	30330.08015	,	286.394727	,
315185.00	,	29281.31473	,	30330.20356	,	299.990891	,
315485.00	,	29281.23544	,	30330.32486	,	313.443533	,
315785.00	,	29281.15591	,	30330.44421	,	326.746215	,
316085.00	,	29281.07618	,	30330.56178	,	339.89257	,
316385.00	,	29280.99639	,	30330.67763	,	352.876307	,
316685.00	,	29280.91644	,	30330.79211	,	365.691212	,
316985.00	,	29280.83656	,	30330.90521	,	378.331152	,
317285.00	,	29280.75667	,	30331.01725	,	390.790078	,
317585.00	,	29280.67702	,	30331.12821	,	403.062028	,
317885.00	,	29280.59755	,	30331.23843	,	415.141129	,
318185.00	,	29280.51844	,	30331.34797	,	427.021601	,
318485.00	,	29280.43982	,	30331.45697	,	438.697759	,
318785.00	,	29280.36181	,	30331.56558	,	450.164016	,
319085.00	,	29280.28462	,	30331.67385	,	461.414886	,
319385.00	,	29280.20823	,	30331.78208	,	472.444984	,
319685.00	,	29280.13295	,	30331.89024	,	483.249034	,
319985.00	,	29280.05877	,	30331.99861	,	493.821866	,
320285.00	,	29279.98601	,	30332.10714	,	504.158422	,
320585.00	,	29279.9146	,	30332.2162	,	514.253756	,
320885.00	,	29279.84505	,	30332.32555	,	524.103038	,
321185.00	,	29279.77728	,	30332.43553	,	533.701557	,
321485.00	,	29279.71156	,	30332.54616	,	543.04472	,
321785.00	,	29279.64818	,	30332.65743	,	552.128059	,
322085.00	,	29279.58715	,	30332.76957	,	560.947227	,
322385.00	,	29279.52886	,	30332.88249	,	569.498007	,
322685.00	,	29279.47332	,	30332.99641	,	577.776308	,
322985.00	,	29279.42092	,	30333.1112	,	585.77817	,
323285.00	,	29279.37161	,	30333.22717	,	593.499767	,
323585.00	,	29279.32596	,	30333.34399	,	600.937406	,
323885.00	,	29279.28392	,	30333.46194	,	608.087528	,
324185.00	,	29279.24579	,	30333.58095	,	614.946716	,
324485.00	,	29279.21187	,	30333.70093	,	621.511688	,
324785.00	,	29279.18222	,	30333.82204	,	627.779306	,
325085.00	,	29279.15723	,	30333.94409	,	633.746573	,
325385.00	,	29279.13693	,	30334.06722	,	639.410635	,
325685.00	,	29279.12174	,	30334.19122	,	644.768785	,
325985.00	,	29279.11158	,	30334.3163	,	649.818461	,
326285.00	,	29279.10705	,	30334.44205	,	654.557249	,
326585.00	,	29279.10807	,	30334.56867	,	658.982884	,
326885.00	,	29279.11496	,	30334.69599	,	663.093251	,
327185.00	,	29279.128	,	30334.82383	,	666.886385	,
327485.00	,	29279.14723	,	30334.95227	,	670.360475	,
327785.00	,	29279.17301	,	30335.08102	,	673.51386	,
328085.00	,	29279.20537	,	30335.21014	,	676.345034	,
328385.00	,	29279.24467	,	30335.33934	,	678.852644	,
328685.00	,	29279.29082	,	30335.46873	,	681.035495	,
328985.00	,	29279.34436	,	30335.59782	,	682.892543	,
329285.00	,	29279.40519	,	30335.72673	,	684.422902	,
329585.00	,	29279.47356	,	30335.85519	,	685.625844	,
329885.00	,	29279.54972	,	30335.98297	,	686.500794	,
330185.00	,	29279.63363	,	30336.11004	,	687.047337	,
330485.00	,	29279.72561	,	30336.23605	,	687.265214	,
330785.00	,	29279.82561	,	30336.36099	,	687.154323	,
331085.00	,	29279.93385	,	30336.48457	,	686.71472	,
331385.00	,	29280.05042	,	30336.60657	,	685.946617	,
331685.00	,	29280.17552	,	30336.72672	,	684.850384	,
331985.00	,	29280.30907	,	30336.84495	,	683.426548	,
332285.00	,	29280.45122	,	30336.96096	,	681.675792	,
332585.00	,	29280.60214	,	30337.07444	,	679.598957	,
332885.00	,	29280.76171	,	30337.18532	,	677.197038	,
333185.00	,	29280.93015	,	30337.2932	,	674.471187	,
333485.00	,	29281.10731	,	30337.39802	,	671.422709	,
333785.00	,	29281.29331	,	30337.49944	,	668.053066	,
334085.00	,	29281.48815	,	30337.59722	,	664.363871	,
334385.00	,	29281.69192	,	30337.69102	,	660.356891	,
334685.00	,	29281.90442	,	30337.78077	,	656.034046	,
334985.00	,	29282.12573	,	30337.86614	,	651.397404	,
335285.00	,	29282.35587	,	30337.94678	,	646.449187	,
335585.00	,	29282.59463	,	30338.02263	,	641.191762	,
335885.00	,	29282.8421	,	30338.09325	,	635.627647	,
336185.00	,	29283.09804	,	30338.15858	,	629.759505	,
336485.00	,	29283.36243	,	30338.21827	,	623.590145	,
336785.00	,	29283.63516	,	30338.27209	,	617.122518	,
337085.00	,	29283.91622	,	30338.3197	,	610.359722	,
337385.00	,	29284.20527	,	30338.36105	,	603.304991	,
337685.00	,	29284.50228	,	30338.3958	,	595.961703	,
337985.00	,	29284.80715	,	30338.42364	,	588.33337	,
338285.00	,	29285.11955	,	30338.44452	,	580.423643	,
338585.00	,	29285.43946	,	30338.45805	,	572.236306	,
338885.00	,	29285.76642	,	30338.46426	,	563.775277	,
339185.00	,	29286.10057	,	30338.46261	,	555.044604	,
339485.00	,	29286.44143	,	30338.45314	,	546.048464	,
339785.00	,	29286.78893	,	30338.4355	,	536.79116	,
340085.00	,	29287.14265	,	30338.40967	,	527.277121	,
340385.00	,	29287.50242	,	30338.37538	,	517.510898	,
340685.00	,	29287.86806	,	30338.33237	,	507.497164	,
340985.00	,	29288.23911	,	30338.28067	,	497.240709	,
341285.00	,	29288.61545	,	30338.21993	,	486.746437	,
341585.00	,	29288.99652	,	30338.15029	,	476.01937	,
341885.00	,	29289.38236	,	30338.07126	,	465.064638	,
342185.00	,	29289.77238	,	30337.98299	,	453.887481	,
342485.00	,	29290.16642	,	30337.88518	,	442.493245	,
342785.00	,	29290.56398	,	30337.77792	,	430.887379	,
343085.00	,	29290.96479	,	30337.66102	,	419.075435	,
343385.00	,	29291.36859	,	30337.53434	,	407.063063	,
343685.00	,	29291.77483	,	30337.39798	,	394.856006	,
343985.00	,	29292.18333	,	30337.25171	,	382.460103	,
344285.00	,	29292.59343	,	30337.09577	,	369.881283	,
344585.00	,	29293.00512	,	30336.92978	,	357.125561	,
344885.00	,	29293.41775	,	30336.75398	,	344.199037	,
345185.00	,	29293.83109	,	30336.56822	,	331.107894	,
345485.00	,	29294.24457	,	30336.37268	,	317.858392	,
345785.00	,	29294.65788	,	30336.16731	,	304.456867	,
346085.00	,	29295.07072	,	30335.95205	,	290.909728	,
346385.00	,	29295.48249	,	30335.72715	,	277.223453	,
346685.00	,	29295.89288	,	30335.49259	,	263.404589	,
346985.00	,	29296.30148	,	30335.24845	,	249.459741	,
347285.00	,	29296.70797	,	30334.99475	,	235.395581	,
347585.00	,	29297.11177	,	30334.73178	,	221.218832	,
347885.00	,	29297.51263	,	30334.45949	,	206.936274	,
348185.00	,	29297.90998	,	30334.17819	,	192.554738	,
348485.00	,	29298.3035	,	30333.88796	,	178.0811	,
348785.00	,	29298.69287	,	30333.58889	,	163.522282	,
349085.00	,	29299.07752	,	30333.28132	,	148.885246	,
349385.00	,	29299.45714	,	30332.96536	,	134.176992	,
349685.00	,	29299.83132	,	30332.64124	,	119.404552	,
349985.00	,	29300.19978	,	30332.30907	,	104.574992	,
350285.00	,	29300.56196	,	30331.96928	,	89.695402	,
350585.00	,	29300.91764	,	30331.62195	,	74.772899	,
350885.00	,	29301.26628	,	30331.26749	,	59.814618	,
351185.00	,	29301.60761	,	30330.9061	,	44.827713	,
351485.00	,	29301.94136	,	30330.53799	,	29.819352	,
351785.00	,	29302.26699	,	30330.16361	,	14.79671	,
352085.00	,	29302.58426	,	30329.78318	,	-0.233027	,
352385.00	,	29302.89284	,	30329.39704	,	-15.262672	,
352685.00	,	29303.19248	,	30329.00541	,	-30.285036	,
352985.00	,	29303.48271	,	30328.60881	,	-45.292937	,
353285.00	,	29303.76339	,	30328.20741	,	-60.279194	,
353585.00	,	29304.03406	,	30327.80175	,	-75.236643	,
353885.00	,	29304.29452	,	30327.39209	,	-90.158128	,
354185.00	,	29304.5446	,	30326.97873	,	-105.036513	,
354485.00	,	29304.78377	,	30326.5623	,	-119.864683	,
354785.00	,	29305.01214	,	30326.14285	,	-134.635544	,
355085.00	,	29305.22922	,	30325.72103	,	-149.342032	,
355385.00	,	29305.43496	,	30325.29706	,	-163.977112	,
355685.00	,	29305.62898	,	30324.87152	,	-178.533784	,
355985.00	,	29305.81127	,	30324.44465	,	-193.005086	,
356285.00	,	29305.98148	,	30324.01703	,	-207.384094	,
356585.00	,	29306.13952	,	30323.58899	,	-221.66393	,
356885.00	,	29306.28535	,	30323.16086	,	-235.837763	,
357185.00	,	29306.41856	,	30322.73334	,	-249.898813	,
357485.00	,	29306.53938	,	30322.30648	,	-263.840352	,
357785.00	,	29306.64745	,	30321.88099	,	-277.655712	,
358085.00	,	29306.74286	,	30321.4571	,	-291.338281	,
358385.00	,	29306.82535	,	30321.03542	,	-304.881513	,
358685.00	,	29306.89505	,	30320.6162	,	-318.278929	,
358985.00	,	29306.95173	,	30320.20004	,	-331.524119	,
359285.00	,	29306.99546	,	30319.78726	,	-344.610743	,
359585.00	,	29307.02622	,	30319.37829	,	-357.532541	,
359885.00	,	29307.04402	,	30318.97355	,	-370.283329	,
360185.00	,	29307.04897	,	30318.57335	,	-382.857003	,
360485.00	,	29307.04091	,	30318.17827	,	-395.247549	,
360785.00	,	29307.02009	,	30317.78856	,	-407.449034	,
361085.00	,	29306.98638	,	30317.40477	,	-419.455619	,
361385.00	,	29306.94005	,	30317.02712	,	-431.261557	,
361685.00	,	29306.88101	,	30316.65617	,	-442.861198	,
361985.00	,	29306.80945	,	30316.29221	,	-454.248989	,
362285.00	,	29306.72551	,	30315.9356	,	-465.419478	,
362585.00	,	29306.62931	,	30315.58671	,	-476.367318	,
362885.00	,	29306.5211	,	30315.2458	,	-487.087266	,
363185.00	,	29306.40087	,	30314.91339	,	-497.574192	,
363485.00	,	29306.26897	,	30314.58963	,	-507.823072	,
363785.00	,	29306.12541	,	30314.27502	,	-517.829001	,
364085.00	,	29305.97058	,	30313.96969	,	-527.587185	,
364385.00	,	29305.80451	,	30313.67412	,	-537.092953	,
364685.00	,	29305.62743	,	30313.3886	,	-546.341751	,
364985.00	,	29305.43986	,	30313.11313	,	-555.329149	,
365285.00	,	29305.24176	,	30312.84825	,	-564.050843	,
365585.00	,	29305.03359	,	30312.59402	,	-572.502654	,
365885.00	,	29304.81543	,	30312.35087	,	-580.680534	,
366185.00	,	29304.58774	,	30312.11883	,	-588.580563	,
366485.00	,	29304.35064	,	30311.89829	,	-596.198958	,
366785.00	,	29304.1046	,	30311.68927	,	-603.532068	,
367085.00	,	29303.84966	,	30311.49221	,	-610.576377	,
367385.00	,	29303.58642	,	30311.30702	,	-617.328509	,
367685.00	,	29303.31517	,	30311.13385	,	-623.785229	,
367985.00	,	29303.03609	,	30310.97301	,	-629.943441	,
368285.00	,	29302.74968	,	30310.82444	,	-635.800191	,
368585.00	,	29302.45611	,	30310.68842	,	-641.352672	,
368885.00	,	29302.15589	,	30310.56488	,	-646.598221	,
369185.00	,	29301.84921	,	30310.45405	,	-651.534322	,
369485.00	,	29301.53659	,	30310.35583	,	-656.158606	,
369785.00	,	29301.21812	,	30310.27051	,	-660.468855	,
370085.00	,	29300.89444	,	30310.19786	,	-664.463	,
370385.00	,	29300.5659	,	30310.1379	,	-668.139123	,
370685.00	,	29300.23269	,	30310.09079	,	-671.49546	,
370985.00	,	29299.89536	,	30310.05635	,	-674.530397	,
371285.00	,	29299.55409	,	30310.03471	,	-677.242477	,
371585.00	,	29299.20943	,	30310.02565	,	-679.630395	,
371885.00	,	29298.86156	,	30310.02927	,	-681.693004	,
372185.00	,	29298.51094	,	30310.04541	,	-683.429308	,
372485.00	,	29298.15792	,	30310.07398	,	-684.838473	,
372785.00	,	29297.80288	,	30310.11486	,	-685.919816	,
373085.00	,	29297.44625	,	30310.16785	,	-686.672816	,
373385.00	,	29297.08821	,	30310.23298	,	-687.097106	,
373685.00	,	29296.72929	,	30310.30993	,	-687.192477	,
373985.00	,	29296.36966	,	30310.39869	,	-686.958878	,
374285.00	,	29296.00983	,	30310.49894	,	-686.396415	,
374585.00	,	29295.64996	,	30310.61063	,	-685.505352	,
374885.00	,	29295.29047	,	30310.73349	,	-684.286111	,
375185.00	,	29294.93169	,	30310.8673	,	-682.739269	,
375485.00	,	29294.57392	,	30311.01184	,	-680.865561	,
375785.00	,	29294.21757	,	30311.16677	,	-678.665881	,
376085.00	,	29293.86276	,	30311.33202	,	-676.141275	,
376385.00	,	29293.50996	,	30311.50716	,	-673.292947	,
376685.00	,	29293.15927	,	30311.6921	,	-670.122256	,
376985.00	,	29292.81116	,	30311.88638	,	-666.630716	,
377285.00	,	29292.46562	,	30312.08997	,	-662.819992	,
377585.00	,	29292.12326	,	30312.30223	,	-658.691906	,
377885.00	,	29291.78407	,	30312.52312	,	-654.248428	,
378185.00	,	29291.44836	,	30312.75224	,	-649.491683	,
378485.00	,	29291.11647	,	30312.98918	,	-644.423942	,
378785.00	,	29290.78842	,	30313.2338	,	-639.047629	,
379085.00	,	29290.4646	,	30313.4856	,	-633.365314	,
379385.00	,	29290.14503	,	30313.7444	,	-627.379713	,
379685.00	,	29289.83007	,	30314.0097	,	-621.093689	,
379985.00	,	29289.51962	,	30314.28142	,	-614.510247	,
380285.00	,	29289.2142	,	30314.55886	,	-607.632537	,
380585.00	,	29288.91369	,	30314.84194	,	-600.463848	,
380885.00	,	29288.61833	,	30315.13021	,	-593.007609	,
381185.00	,	29288.32832	,	30315.42324	,	-585.267388	,
381485.00	,	29288.0436	,	30315.72084	,	-577.246887	,
381785.00	,	29287.76445	,	30316.0225	,	-568.949945	,
382085.00	,	29287.49079	,	30316.32802	,	-560.380531	,
382385.00	,	29287.22278	,	30316.63696	,	-551.542746	,
382685.00	,	29286.9605	,	30316.94899	,	-542.44082	,
382985.00	,	29286.70407	,	30317.26365	,	-533.079107	,
383285.00	,	29286.45338	,	30317.58077	,	-523.46209	,
383585.00	,	29286.20855	,	30317.89993	,	-513.594371	,
383885.00	,	29285.96968	,	30318.2207	,	-503.480672	,
384185.00	,	29285.73661	,	30318.5429	,	-493.125836	,
384485.00	,	29285.50951	,	30318.86604	,	-482.534819	,
384785.00	,	29285.28811	,	30319.19004	,	-471.71269	,
385085.00	,	29285.07275	,	30319.51424	,	-460.66463	,
385385.00	,	29284.86312	,	30319.83858	,	-449.395929	,
385685.00	,	29284.65936	,	30320.16259	,	-437.91198	,
385985.00	,	29284.46124	,	30320.48612	,	-426.218283	,
386285.00	,	29284.26879	,	30320.8088	,	-414.320435	,
386585.00	,	29284.08203	,	30321.13025	,	-402.224133	,
386885.00	,	29283.9007	,	30321.45036	,	-389.935168	,
387185.00	,	29283.7249	,	30321.7687	,	-377.459425	,
387485.00	,	29283.55426	,	30322.08526	,	-364.802876	,
387785.00	,	29283.38904	,	30322.39945	,	-351.971581	,
388085.00	,	29283.22886	,	30322.71127	,	-338.971685	,
388385.00	,	29283.07377	,	30323.02032	,	-325.809412	,
388685.00	,	29282.92349	,	30323.32655	,	-312.491065	,
388985.00	,	29282.77797	,	30323.62966	,	-299.02302	,
389285.00	,	29282.63716	,	30323.92937	,	-285.411727	,
389585.00	,	29282.50075	,	30324.22566	,	-271.663703	,
389885.00	,	29282.36869	,	30324.51825	,	-257.785531	,
390185.00	,	29282.24081	,	30324.80699	,	-243.783857	,
390485.00	,	29282.11706	,	30325.09162	,	-229.665386	,
390785.00	,	29281.99711	,	30325.37217	,	-215.436878	,
391085.00	,	29281.88097	,	30325.64834	,	-201.105146	,
391385.00	,	29281.76831	,	30325.92017	,	-186.677053	,
391685.00	,	29281.65905	,	30326.18748	,	-172.159508	,
391985.00	,	29281.55312	,	30326.45006	,	-157.559463	,
392285.00	,	29281.45008	,	30326.7081	,	-142.883909	,
392585.00	,	29281.35012	,	30326.96118	,	-128.139873	,
392885.00	,	29281.25282	,	30327.20948	,	-113.334415	,
393185.00	,	29281.15818	,	30327.45278	,	-98.474625	,
393485.00	,	29281.06586	,	30327.69122	,	-83.567619	,
393785.00	,	29280.97588	,	30327.92459	,	-68.620534	,
394085.00	,	29280.8879	,	30328.15304	,	-53.640528	,
394385.00	,	29280.80184	,	30328.37649	,	-38.634774	,
394685.00	,	29280.71765	,	30328.59484	,	-23.610456	,
394985.00	,	29280.6349	,	30328.80838	,	-8.57477	,
395285.00	,	29280.5538	,	30329.01678	,	6.465087	,
395585.00	,	29280.47394	,	30329.22034	,	21.501911	,
395885.00	,	29280.39535	,	30329.41892	,	36.528505	,
396185.00	,	29280.31773	,	30329.61276	,	51.537671	,
396485.00	,	29280.24111	,	30329.80175	,	66.522225	,
396785.00	,	29280.1652	,	30329.98613	,	81.474992	,
397085.00	,	29280.08997	,	30330.1659	,	96.388812	,
397385.00	,	29280.0153	,	30330.34114	,	111.256544	,
397685.00	,	29279.94109	,	30330.51197	,	126.071072	,
397985.00	,	29279.86733	,	30330.67839	,	140.8253	,
398285.00	,	29279.79375	,	30330.84069	,	155.512167	,
398585.00	,	29279.72045	,	30330.99883	,	170.12464	,
398885.00	,	29279.64716	,	30331.15309	,	184.655723	,
399185.00	,	29279.57401	,	30331.30345	,	199.09846	,
399485.00	,	29279.50074	,	30331.4502	,	213.445937	,
399785.00	,	29279.42732	,	30331.5935	,	227.691285	,
400085.00	,	29279.35396	,	30331.73323	,	241.827684	,
400385.00	,	29279.28037	,	30331.8698	,	255.848367	,
400685.00	,	29279.20669	,	30332.0032	,	269.746623	,
400985.00	,	29279.13273	,	30332.13375	,	283.515797	,
401285.00	,	29279.05867	,	30332.26145	,	297.1493	,
401585.00	,	29278.98432	,	30332.38664	,	310.640605	,
401885.00	,	29278.90988	,	30332.50929	,	323.983255	,
402185.00	,	29278.8351	,	30332.62985	,	337.170861	,
402485.00	,	29278.76028	,	30332.74822	,	350.197113	,
402785.00	,	29278.68545	,	30332.86456	,	363.055776	,
403085.00	,	29278.61049	,	30332.97922	,	375.740694	,
403385.00	,	29278.53563	,	30333.09219	,	388.245796	,
403685.00	,	29278.46076	,	30333.20381	,	400.565098	,
403985.00	,	29278.38614	,	30333.31407	,	412.692704	,
404285.00	,	29278.31167	,	30333.4233	,	424.622808	,
404585.00	,	29278.23762	,	30333.53149	,	436.349703	,
404885.00	,	29278.16383	,	30333.63905	,	447.867774	,
405185.00	,	29278.09067	,	30333.74588	,	459.171512	,
405485.00	,	29278.01827	,	30333.85212	,	470.255505	,
405785.00	,	29277.94656	,	30333.95809	,	481.114451	,
406085.00	,	29277.87587	,	30334.06376	,	491.743153	,
406385.00	,	29277.80616	,	30334.16942	,	502.136524	,
406685.00	,	29277.73775	,	30334.27505	,	512.289592	,
406985.00	,	29277.67063	,	30334.38092	,	522.197499	,
407285.00	,	29277.60504	,	30334.48707	,	531.855505	,
407585.00	,	29277.54115	,	30334.5936	,	541.258987	,
407885.00	,	29277.47913	,	30334.70062	,	550.403448	,
408185.00	,	29277.41926	,	30334.80814	,	559.284511	,
408485.00	,	29277.36154	,	30334.9164	,	567.89793	,
408785.00	,	29277.30634	,	30335.02532	,	576.239582	,
409085.00	,	29277.25368	,	30335.13513	,	584.305478	,
409385.00	,	29277.20392	,	30335.24573	,	592.091759	,
409685.00	,	29277.15702	,	30335.35741	,	599.5947	,
409985.00	,	29277.11351	,	30335.46989	,	606.810714	,
410285.00	,	29277.07336	,	30335.58345	,	613.736347	,
410585.00	,	29277.03685	,	30335.69803	,	620.368289	,
410885.00	,	29277.00429	,	30335.81355	,	626.703368	,
411185.00	,	29276.9757	,	30335.93019	,	632.738553	,
411485.00	,	29276.95149	,	30336.04778	,	638.470958	,
411785.00	,	29276.93168	,	30336.16647	,	643.897844	,
412085.00	,	29276.91658	,	30336.28614	,	649.016614	,
412385.00	,	29276.9064	,	30336.40676	,	653.824822	,
412685.00	,	29276.90143	,	30336.52821	,	658.320168	,
412985.00	,	29276.90172	,	30336.65058	,	662.500505	,
413285.00	,	29276.90755	,	30336.77374	,	666.363834	,
413585.00	,	29276.91922	,	30336.89753	,	669.908308	,
413885.00	,	29276.93676	,	30337.02201	,	673.132234	,
414185.00	,	29276.96053	,	30337.14694	,	676.034072	,
414485.00	,	29276.99055	,	30337.27237	,	678.612435	,
414785.00	,	29277.02711	,	30337.39811	,	680.866092	,
415085.00	,	29277.07037	,	30337.52403	,	682.793967	,
415385.00	,	29277.12062	,	30337.64991	,	684.39514	,
415685.00	,	29277.17784	,	30337.77578	,	685.668847	,
415985.00	,	29277.24228	,	30337.90141	,	686.614481	,
416285.00	,	29277.3142	,	30338.02654	,	687.231593	,
416585.00	,	29277.39356	,	30338.15119	,	687.519889	,
416885.00	,	29277.48069	,	30338.275	,	687.479234	,
417185.00	,	29277.57546	,	30338.39805	,	687.10965	,
417485.00	,	29277.67833	,	30338.51981	,	686.411315	,
417785.00	,	29277.78917	,	30338.64033	,	685.384568	,
418085.00	,	29277.90826	,	30338.75924	,	684.0299	,
418385.00	,	29278.03551	,	30338.87651	,	682.347963	,
418685.00	,	29278.17111	,	30338.99182	,	680.339564	,
418985.00	,	29278.31521	,	30339.10488	,	678.005666	,
419285.00	,	29278.46771	,	30339.21563	,	675.347388	,
419585.00	,	29278.62875	,	30339.32375	,	672.366004	,
419885.00	,	29278.79836	,	30339.42901	,	669.062943	,
420185.00	,	29278.97669	,	30339.53109	,	665.439787	,
420485.00	,	29279.16355	,	30339.6299	,	661.498272	,
420785.00	,	29279.35914	,	30339.72505	,	657.240285	,
421085.00	,	29279.56328	,	30339.81645	,	652.667867	,
421385.00	,	29279.77604	,	30339.90377	,	647.783207	,
421685.00	,	29279.99747	,	30339.98668	,	642.588643	,
421985.00	,	29280.22727	,	30340.06519	,	637.086663	,
422285.00	,	29280.46574	,	30340.13869	,	631.279901	,
422585.00	,	29280.71253	,	30340.20721	,	625.171136	,
422885.00	,	29280.96776	,	30340.27032	,	618.763293	,
423185.00	,	29281.23115	,	30340.32794	,	612.05944	,
423485.00	,	29281.50276	,	30340.37967	,	605.062785	,
423785.00	,	29281.7823	,	30340.42542	,	597.776677	,
424085.00	,	29282.06972	,	30340.46489	,	590.204603	,
424385.00	,	29282.36489	,	30340.49782	,	582.350187	,
424685.00	,	29282.66763	,	30340.52399	,	574.217188	,
424985.00	,	29282.97787	,	30340.5431	,	565.809498	,
425285.00	,	29283.29524	,	30340.55508	,	557.13114	,
425585.00	,	29283.61973	,	30340.55956	,	548.186268	,
425885.00	,	29283.95095	,	30340.55649	,	538.979161	,
426185.00	,	29284.28885	,	30340.54551	,	529.514226	,
426485.00	,	29284.63303	,	30340.52658	,	519.79599	,
426785.00	,	29284.98324	,	30340.49953	,	509.829103	,
427085.00	,	29285.33949	,	30340.46391	,	499.618336	,
427385.00	,	29285.70124	,	30340.41982	,	489.168571	,
427685.00	,	29286.06841	,	30340.36692	,	478.48481	,
427985.00	,	29286.44051	,	30340.30522	,	467.572164	,
428285.00	,	29286.81743	,	30340.23443	,	456.435852	,
428585.00	,	29287.19869	,	30340.15457	,	445.081204	,
428885.00	,	29287.58415	,	30340.06535	,	433.51365	,
429185.00	,	29287.97321	,	30339.96693	,	421.738725	,
429485.00	,	29288.3658	,	30339.85895	,	409.762062	,
429785.00	,	29288.76158	,	30339.74131	,	397.589389	,
430085.00	,	29289.16003	,	30339.61412	,	385.22653	,
430385.00	,	29289.56095	,	30339.47715	,	372.679398	,
430685.00	,	29289.96382	,	30339.33051	,	359.953996	,
430985.00	,	29290.36844	,	30339.174	,	347.05641	,
431285.00	,	29290.77425	,	30339.00776	,	333.99281	,
431585.00	,	29291.18105	,	30338.83161	,	320.769445	,
431885.00	,	29291.58818	,	30338.64582	,	307.392639	
